   3.0000000000000000        41.676693317070033     
   3.2500000000000000        41.328436840530301     
   3.5000000000000000        41.016571833830113     
   3.7500000000000000        40.737026031558493     
   4.0000000000000000        40.486175212888952     
   4.2500000000000000        40.260837251267226     
   4.5000000000000000        40.058235975284873     
   4.7500000000000000        39.875955222548555     
   5.0000000000000000        39.711892227370711     
   5.2500000000000000        39.564214144950597     
   5.5000000000000000        39.431318987727778     
   5.7500000000000000        39.311801100959613     
   6.0000000000000000        39.204420856036386     
   6.2500000000000000        39.108078162614618     
   6.5000000000000000        39.021789519815016     
   6.7500000000000000        38.944668522180606     
   7.0000000000000000        38.875909895548702     
   7.2500000000000000        38.814777157495421     
   7.5000000000000000        38.760593820555364     
   7.7500000000000000        38.712737723116803     
   8.0000000000000000        38.670637719704530     
   8.2500000000000000        38.633771755534298     
   8.5000000000000000        38.601665385147562     
   8.7500000000000000        38.573890043213886     
   9.0000000000000000        38.550060718087465     
   9.2500000000000000        38.529832986946104     
   9.5000000000000000        38.512899570278684     
   9.7500000000000000        38.498986643548278     
   10.000000000000000        38.487850136643971     
   10.250000000000000        38.479272199282072     
   10.500000000000000        38.473057946182472     
   10.750000000000000        38.469032538793471     
   11.000000000000000        38.467038617951111     
   11.250000000000000        38.466934074439152     
   11.500000000000000        38.468590129123172     
   11.750000000000000        38.471889687623111     
   12.000000000000000        38.476725933234704     
   12.250000000000000        38.483001123676381     
   12.500000000000000        38.490625560637469     
   12.750000000000000        38.499516705054347     
   13.000000000000000        38.509598414975464     
   13.250000000000000        38.520800286505107     
   13.500000000000000        38.533057081516269     
   13.750000000000000        38.546308228565302     
   14.000000000000000        38.560497385750793     
   14.250000000000000        38.575572056180221     
   14.500000000000000        38.591483248293962     
   14.750000000000000        38.608185174601275     
   15.000000000000000        38.625634983452748     
   15.250000000000000        38.643792519351635     
   15.500000000000000        38.662620108027021     
   15.750000000000000        38.682082363084511     
   16.000000000000000        38.702146011537678     
   16.250000000000000        38.722779735928533     
   16.500000000000000        38.743954031078935     
   16.750000000000000        38.765641073794804     
   17.000000000000000        38.787814604077433     
   17.250000000000000        38.810449816592289     
   17.500000000000000        38.833523261310113     
   17.750000000000000        38.857012752374963     
   18.000000000000000        38.880897284372104     
   18.250000000000000        38.905156955269611     
   18.500000000000000        38.929772895394066     
   18.750000000000000        38.954727201875400     
   19.000000000000000        38.980002878059139     
   19.250000000000000        39.005583777440883     
   19.500000000000000        39.031454551725297     
   19.750000000000000        39.057600602653899     
   20.000000000000000        39.084008037283056     
   20.250000000000000        39.110663626425520     
   20.500000000000000        39.137554765996832     
   20.750000000000000        39.164669441033617     
   21.000000000000000        39.191996192172056     
   21.250000000000000        39.219524084394855     
   21.500000000000000        39.247242677872471     
   21.750000000000000        39.275142000739308     
   22.000000000000000        39.303212523660257     
   22.250000000000000        39.331445136054612     
   22.500000000000000        39.359831123855869     
   22.750000000000000        39.388362148696025     
   23.000000000000000        39.417030228411676     
   23.250000000000000        39.445827718777778     
   23.500000000000000        39.474747296382070     
   23.750000000000000        39.503781942559812     
   24.000000000000000        39.532924928315069     
   24.250000000000000        39.562169800159708     
   24.500000000000000        39.591510366806872     
   24.750000000000000        39.620940686660255     
   25.000000000000000        39.650455056044557     
   25.250000000000000        39.680047998126753     
   25.500000000000000        39.709714252481277     
   25.750000000000000        39.739448765255723     
   26.000000000000000        39.769246679896405     
   26.250000000000000        39.799103328396519     
   26.500000000000000        39.829014223031919     
   26.750000000000000        39.858975048552018     
   27.000000000000000        39.888981654795842     
   27.250000000000000        39.919030049705064     
   27.500000000000000        39.949116392708298     
   27.750000000000000        39.979236988451980     
   28.000000000000000        40.009388280856051     
   28.250000000000000        40.039566847472862     
   28.500000000000000        40.069769394130276     
   28.750000000000000        40.099992749841128     
   29.000000000000000        40.130233861961720     
   29.250000000000000        40.160489791584482     
   29.500000000000000        40.190757709149828     
   29.750000000000000        40.221034890264022     
   30.000000000000000        40.251318711710681     
   30.250000000000000        40.281606647644246     
   30.500000000000000        40.311896265954530     
   30.750000000000000        40.342185224792701     
   31.000000000000000        40.372471269249161     
   31.250000000000000        40.402752228174762     
   31.500000000000000        40.433026011137457     
   31.750000000000000        40.463290605506828     
   32.000000000000000        40.493544073659550     
   32.250000000000000        40.523784550299418     
   32.500000000000000        40.554010239885926     
   32.750000000000000        40.584219414165744     
   33.000000000000000        40.614410409801877     
   33.250000000000000        40.644581626095651     
   33.500000000000000        40.674731522797067     
   33.750000000000000        40.704858617999037     
   34.000000000000000        40.734961486111835     
   34.250000000000000        40.765038755913686     
   34.500000000000000        40.795089108674382     
   34.750000000000000        40.825111276348196     
   35.000000000000000        40.855104039833414     
   35.250000000000000        40.885066227295461     
   35.500000000000000        40.914996712550625     
   35.750000000000000        40.944894413508266     
   36.000000000000000        40.974758290668760     
   36.250000000000000        41.004587345674842     
   36.500000000000000        41.034380619914430     
   36.750000000000000        41.064137193172762     
   37.000000000000000        41.093856182331649     
   37.250000000000000        41.123536740114403     
   37.500000000000000        41.153178053874399     
   37.750000000000000        41.182779344425676     
   38.000000000000000        41.212339864913936     
   38.250000000000000        41.241858899726545     
   38.500000000000000        41.271335763439865     
   38.750000000000000        41.300769799802787     
   39.000000000000000        41.330160380754940     
   39.250000000000000        41.359506905478362     
   39.500000000000000        41.388808799481474     
   39.750000000000000        41.418065513714168     
   40.000000000000000        41.447276523712780     
   40.250000000000000        41.476441328774108     
   40.500000000000000        41.505559451157218     
   40.750000000000000        41.534630435312238     
   41.000000000000000        41.563653847134930     
   41.250000000000000        41.592629273246544     
   41.500000000000000        41.621556320297692     
   41.750000000000000        41.650434614295499     
   42.000000000000000        41.679263799953439     
   42.250000000000000        41.708043540062690     
   42.500000000000000        41.736773514884703     
   42.750000000000000        41.765453421563748     
   43.000000000000000        41.794082973559306     
   43.250000000000000        41.822661900097103     
   43.500000000000000        41.851189945638538     
   43.750000000000000        41.879666869367625     
   44.000000000000000        41.908092444695072     
   44.250000000000000        41.936466458778540     
   44.500000000000000        41.964788712059054     
   44.750000000000000        41.993059017812556     
   45.000000000000000        42.021277201716345     
   45.250000000000000        42.049443101429723     
   45.500000000000000        42.077556566188591     
   45.750000000000000        42.105617456413263     
   46.000000000000000        42.133625643329239     
   46.250000000000000        42.161581008600429     
   46.500000000000000        42.189483443974417     
   46.750000000000000        42.217332850939300     
   47.000000000000000        42.245129140391832     
   47.250000000000000        42.272872232316381     
   47.500000000000000        42.300562055474352     
   47.750000000000000        42.328198547103909     
   48.000000000000000        42.355781652629204     
   48.250000000000000        42.383311325379367     
   48.500000000000000        42.410787526316447     
   48.750000000000000        42.438210223772280     
   49.000000000000000        42.465579393193920     
   49.250000000000000        42.492895016897258     
   49.500000000000000        42.520157083828700     
   49.750000000000000        42.547365589334511     
   50.000000000000000        42.574520534937633     
   50.250000000000000        42.601621928121752     
   50.500000000000000        42.628669782122273     
   50.750000000000000        42.655664115724100     
   51.000000000000000        42.682604953065862     
   51.250000000000000        42.709492323450526     
   51.500000000000000        42.736326261162034     
   51.750000000000000        42.763106805287833     
   52.000000000000000        42.789833999547149     
   52.250000000000000        42.816507892124740     
   52.500000000000000        42.843128535509933     
   52.750000000000000        42.869695986340936     
   53.000000000000000        42.896210305253945     
   53.250000000000000        42.922671556737299     
   53.500000000000000        42.949079808990064     
   53.750000000000000        42.975435133785290     
   54.000000000000000        43.001737606337571     
   54.250000000000000        43.027987305174818     
   54.500000000000000        43.054184312014129     
   54.750000000000000        43.080328711641563     
   55.000000000000000        43.106420591795846     
   55.250000000000000        43.132460043055630     
   55.500000000000000        43.158447158730425     
   55.750000000000000        43.184382034754975     
   56.000000000000000        43.210264769586949     
   56.250000000000000        43.236095464107905     
   56.500000000000000        43.261874221527414     
   56.750000000000000        43.287601147290147     
   57.000000000000000        43.313276348985944     
   57.250000000000000        43.338899936262749     
   57.500000000000000        43.364472020742291     
   57.750000000000000        43.389992715938362     
   58.000000000000000        43.415462137177769     
   58.250000000000000        43.440880401523742     
   58.500000000000000        43.466247627701755     
   58.750000000000000        43.491563936027660     
   59.000000000000000        43.516829448338221     
   59.250000000000000        43.542044287923645     
   59.500000000000000        43.567208579462438     
   59.750000000000000        43.592322448958100     
   60.000000000000000        43.617386023678087     
   60.250000000000000        43.642399432094471     
   60.500000000000000        43.667362803826549     
   60.750000000000000        43.692276269585363     
   61.000000000000000        43.717139961119770     
   61.250000000000000        43.741954011164388     
   61.500000000000000        43.766718553389197     
   61.750000000000000        43.791433722350533     
   62.000000000000000        43.816099653443885     
   62.250000000000000        43.840716482858021     
   62.500000000000000        43.865284347530597     
   62.750000000000000        43.889803385105267     
   63.000000000000000        43.914273733890049     
   63.250000000000000        43.938695532816965     
   63.500000000000000        43.963068921403192     
   63.750000000000000        43.987394039713209     
   64.000000000000000        44.011671028322276     
   64.250000000000000        44.035900028281041     
   64.500000000000000        44.060081181081273     
   64.750000000000000        44.084214628622739     
   65.000000000000000        44.108300513181057     
   65.250000000000000        44.132338977376669     
   65.500000000000000        44.156330164144762     
   65.750000000000000        44.180274216706124     
   66.000000000000000        44.204171278539071     
   66.250000000000000        44.228021493352095     
   66.500000000000000        44.251825005057540     
   66.750000000000000        44.275581957746105     
   67.000000000000000        44.299292495662129     
   67.250000000000000        44.322956763179718     
   67.500000000000000        44.346574904779608     
   67.750000000000000        44.370147065026899     
   68.000000000000000        44.393673388549381     
   68.250000000000000        44.417154020016625     
   68.500000000000000        44.440589104119852     
   68.750000000000000        44.463978785552278     
   69.000000000000000        44.487323208990354     
   69.250000000000000        44.510622519075390     
   69.500000000000000        44.533876860395949     
   69.750000000000000        44.557086377470846     
   70.000000000000000        44.580251214732513     
   70.250000000000000        44.603371516511309     
   70.500000000000000        44.626447427019890     
   70.750000000000000        44.649479090338524     
   71.000000000000000        44.672466650400651     
   71.250000000000000        44.695410250979080     
   71.500000000000000        44.718310035672566     
   71.750000000000000        44.741166147892962     
   72.000000000000000        44.763978730852678     
   72.250000000000000        44.786747927552739     
   72.500000000000000        44.809473880771151     
   72.750000000000000        44.832156733051683     
   73.000000000000000        44.854796626693151     
   73.250000000000000        44.877393703739010     
   73.500000000000000        44.899948105967262     
   73.750000000000000        44.922459974880887     
   74.000000000000000        44.944929451698485     
   74.250000000000000        44.967356677345371     
   74.500000000000000        44.989741792444903     
   74.750000000000000        45.012084937310213     
   75.000000000000000        45.034386251936240     
   75.250000000000000        45.056645875991968     
   75.500000000000000        45.078863948813186     
   75.750000000000000        45.101040609395255     
   76.000000000000000        45.123175996386358     
   76.250000000000000        45.145270248080976     
   76.500000000000000        45.167323502413495     
   76.750000000000000        45.189335896952350     
   77.000000000000000        45.211307568894064     
   77.250000000000000        45.233238655057853     
   77.500000000000000        45.255129291880223     
   77.750000000000000        45.276979615409914     
   78.000000000000000        45.298789761303048     
   78.250000000000000        45.320559864818485     
   78.500000000000000        45.342290060813333     
   78.750000000000000        45.363980483738743     
   79.000000000000000        45.385631267635844     
   79.250000000000000        45.407242546131897     
   79.500000000000000        45.428814452436590     
   79.750000000000000        45.450347119338552     
   80.000000000000000        45.471840679202010     
   80.250000000000000        45.493295263963653     
   80.500000000000000        45.514711005129605     
   80.750000000000000        45.536088033772565     
   81.000000000000000        45.557426480529188     
   81.250000000000000        45.578726475597435     
   81.500000000000000        45.599988148734283     
   81.750000000000000        45.621211629253366     
   82.000000000000000        45.642397046022936     
   82.250000000000000        45.663544527463770     
   82.500000000000000        45.684654201547417     
   82.750000000000000        45.705726195794348     
   83.000000000000000        45.726760637272392     
   83.250000000000000        45.747757652595197     
   83.500000000000000        45.768717367920843     
   83.750000000000000        45.789639908950562     
   84.000000000000000        45.810525400927489     
   84.250000000000000        45.831373968635717     
   84.500000000000000        45.852185736399164     
   84.750000000000000        45.872960828080771     
   85.000000000000000        45.893699367081695     
   85.250000000000000        45.914401476340572     
   85.500000000000000        45.935067278332966     
   85.750000000000000        45.955696895070759     
   86.000000000000000        45.976290448101757     
   86.250000000000000        45.996848058509308     
   86.500000000000000        46.017369846911997     
   86.750000000000000        46.037855933463412     
   87.000000000000000        46.058306437852039     
   87.250000000000000        46.078721479301166     
   87.500000000000000        46.099101176568865     
   87.750000000000000        46.119445647948048     
   88.000000000000000        46.139755011266608     
   88.250000000000000        46.160029383887569     
   88.500000000000000        46.180268882709342     
   88.750000000000000        46.200473624166051     
   89.000000000000000        46.220643724227820     
   89.250000000000000        46.240779298401272     
   89.500000000000000        46.260880461729869     
   89.750000000000000        46.280947328794532     
   90.000000000000000        46.300980013714167     
   90.250000000000000        46.320978630146193     
   90.500000000000000        46.340943291287346     
   90.750000000000000        46.360874109874203     
   91.000000000000000        46.380771198184057     
   91.250000000000000        46.400634668035607     
   91.500000000000000        46.420464630789830     
   91.750000000000000        46.440261197350779     
   92.000000000000000        46.460024478166559     
   92.250000000000000        46.479754583230147     
   92.500000000000000        46.499451622080450     
   92.750000000000000        46.519115703803230     
   93.000000000000000        46.538746937032194     
   93.250000000000000        46.558345429949995     
   93.500000000000000        46.577911290289343     
   93.750000000000000        46.597444625334141     
   94.000000000000000        46.616945541920572     
   94.250000000000000        46.636414146438334     
   94.500000000000000        46.655850544831786     
   94.750000000000000        46.675254842601177     
   95.000000000000000        46.694627144803910     
   95.250000000000000        46.713967556055771     
   95.500000000000000        46.733276180532272     
   95.750000000000000        46.752553121969896     
   96.000000000000000        46.771798483667446     
   96.250000000000000        46.791012368487401     
   96.500000000000000        46.810194878857295     
   96.750000000000000        46.829346116771042     
   97.000000000000000        46.848466183790400     
   97.250000000000000        46.867555181046363     
   97.500000000000000        46.886613209240565     
   97.750000000000000        46.905640368646765     
   98.000000000000000        46.924636759112261     
   98.250000000000000        46.943602480059418     
   98.500000000000000        46.962537630487120     
   98.750000000000000        46.981442308972241     
   99.000000000000000        47.000316613671224     
   99.250000000000000        47.019160642321538     
   99.500000000000000        47.037974492243229     
   99.750000000000000        47.056758260340473     
   100.00000000000000        47.075512043103068     
   100.25000000000000        47.094235936608108     
   100.50000000000000        47.112930036521419     
   100.75000000000000        47.131594438099199     
   101.00000000000000        47.150229236189610     
   101.25000000000000        47.168834525234331     
   101.50000000000000        47.187410399270171     
   101.75000000000000        47.205956951930659     
   102.00000000000000        47.224474276447651     
   102.25000000000000        47.242962465652944     
   102.50000000000000        47.261421611979927     
   102.75000000000000        47.279851807465107     
   100.00000000000000        47.075512043103068     
   102.50000000000000        47.261421611979927     
   105.00000000000000        47.444435770646685     
   107.50000000000000        47.624644422485389     
   110.00000000000000        47.802133682776784     
   112.50000000000000        47.976986042731518     
   115.00000000000000        48.149280531966077     
   117.50000000000000        48.319092877768270     
   120.00000000000000        48.486495659985088     
   122.50000000000000        48.651558460735387     
   125.00000000000000        48.814348008432255     
   127.50000000000000        48.974928315811724     
