   127.50000000000000        48.974928315811724     
   130.00000000000000        49.133360811824467     
   132.50000000000000        49.289704467366448     
   135.00000000000000        49.444015914912086     
   137.50000000000000        49.596349562177046     
   140.00000000000000        49.746757699983171     
   142.50000000000000        49.895290604528846     
   145.00000000000000        50.041996634287798     
   147.50000000000000        50.186922321771824     
   150.00000000000000        50.330112460397501     
   152.50000000000000        50.471610186698605     
   155.00000000000000        50.611457058122504     
   157.50000000000000        50.749693126644353     
   160.00000000000000        50.886357008425151     
   162.50000000000000        51.021485949732181     
   165.00000000000000        51.155115889330638     
   167.50000000000000        51.287281517546546     
   170.00000000000000        51.418016332190412     
   172.50000000000000        51.547352691522221     
   175.00000000000000        51.675321864428064     
   177.50000000000000        51.801954077969569     
   180.00000000000000        51.927278562458376     
   182.50000000000000        52.051323594198429     
   185.00000000000000        52.174116536031605     
   187.50000000000000        52.295683875812685     
   190.00000000000000        52.416051262933657     
   192.50000000000000        52.535243543008740     
   195.00000000000000        52.653284790825730     
   197.50000000000000        52.770198341662244     
   200.00000000000000        52.886006821059595     
   202.50000000000000        53.000732173141529     
   205.00000000000000        53.114395687559146     
   207.50000000000000        53.227018025139280     
   210.00000000000000        53.338619242307793     
   212.50000000000000        53.449218814355788     
   215.00000000000000        53.558835657611873     
   217.50000000000000        53.667488150580674     
   220.00000000000000        53.775194154102849     
   222.50000000000000        53.881971030590037     
   225.00000000000000        53.987835662383617     
   227.50000000000000        54.092804469284133     
   230.00000000000000        54.196893425295094     
   232.50000000000000        54.300118074622127     
   235.00000000000000        54.402493546966461     
   237.50000000000000        54.504034572149145     
   240.00000000000000        54.604755494100111     
   242.50000000000000        54.704670284244877     
   245.00000000000000        54.803792554318839     
   247.50000000000000        54.902135568638371     
   250.00000000000000        54.999712255855542     
   252.50000000000000        55.096535220222115     
   255.00000000000000        55.192616752386890     
   257.50000000000000        55.287968839749318     
   260.00000000000000        55.382603176390674     
   262.50000000000000        55.476531172603352     
   265.00000000000000        55.569763964037264     
   267.50000000000000        55.662312420481669     
   270.00000000000000        55.754187154299558     
   272.50000000000000        55.845398528530794     
   275.00000000000000        55.935956664679473     
   277.50000000000000        56.025871450199915     
   280.00000000000000        56.115152545695430     
   282.50000000000000        56.203809391842448     
   285.00000000000000        56.291851216052727     
   287.50000000000000        56.379287038885359     
   290.00000000000000        56.466125680219690     
   292.50000000000000        56.552375765199486     
   295.00000000000000        56.638045729958890     
   297.50000000000000        56.723143827139225     
   300.00000000000000        56.807678131205932     
   302.50000000000000        56.891656543574179     
   305.00000000000000        56.975086797551363     
   307.50000000000000        57.057976463104183     
   310.00000000000000        57.140332951457822     
   312.50000000000000        57.222163519534071     
   315.00000000000000        57.303475274235410     
   317.50000000000000        57.384275176580935     
   320.00000000000000        57.464570045700768     
   322.50000000000000        57.544366562694272     
   325.00000000000000        57.623671274357818     
   327.50000000000000        57.702490596787356     
   330.00000000000000        57.780830818860579     
   332.50000000000000        57.858698105603843     
   335.00000000000000        57.936098501448001     
   337.50000000000000        58.013037933377866     
   340.00000000000000        58.089522213979002     
   342.50000000000000        58.165557044386375     
   345.00000000000000        58.241148017138208     
   347.50000000000000        58.316300618938833     
   350.00000000000000        58.391020233333947     
   352.50000000000000        58.465312143301809     
   355.00000000000000        58.539181533762942     
   357.50000000000000        58.612633494012272     
   360.00000000000000        58.685673020075761     
   362.50000000000000        58.758305016994690     
   365.00000000000000        58.830534301040316     
   367.50000000000000        58.902365601861270     
   370.00000000000000        58.973803564566126     
   372.50000000000000        59.044852751743598     
   375.00000000000000        59.115517645422571     
   377.50000000000000        59.185802648973940     
   380.00000000000000        59.255712088956642     
   382.50000000000000        59.325250216909375     
   385.00000000000000        59.394421211090538     
   387.50000000000000        59.463229178167367     
   390.00000000000000        59.531678154856969     
   392.50000000000000        59.599772109520067     
   395.00000000000000        59.667514943709577     
   397.50000000000000        59.734910493675358     
   400.00000000000000        59.801962531826689     
   402.50000000000000        59.868674768153866     
   405.00000000000000        59.935050851610185     
   407.50000000000000        60.001094371455928     
   410.00000000000000        60.066808858565153     
   412.50000000000000        60.132197786696921     
   415.00000000000000        60.197264573731985     
   417.50000000000000        60.262012582875904     
   420.00000000000000        60.326445123829906     
   422.50000000000000        60.390565453930385     
   425.00000000000000        60.454376779258183     
   427.50000000000000        60.517882255718348     
   430.00000000000000        60.581084990091668     
   432.50000000000000        60.643988041058485     
   435.00000000000000        60.706594420196012     
   437.50000000000000        60.768907092949732     
   440.00000000000000        60.830928979579816     
   442.50000000000000        60.892662956083164     
   445.00000000000000        60.954111855092073     
   447.50000000000000        61.015278466750040     
   450.00000000000000        61.076165539565466     
   452.50000000000000        61.136775781243891     
   455.00000000000000        61.197111859499486     
   457.50000000000000        61.257176402846390     
   460.00000000000000        61.316972001370331     
   462.50000000000000        61.376501207481454     
   465.00000000000000        61.435766536648586     
   467.50000000000000        61.494770468115675     
   470.00000000000000        61.553515445600709     
   472.50000000000000        61.612003877978076     
   475.00000000000000        61.670238139944161     
   477.50000000000000        61.728220572667425     
   480.00000000000000        61.785953484422620     
   482.50000000000000        61.843439151210397     
   485.00000000000000        61.900679817362018     
   487.50000000000000        61.957677696130055     
   490.00000000000000        62.014434970265242     
   492.50000000000000        62.070953792580006     
   495.00000000000000        62.127236286498864     
   497.50000000000000        62.183284546596290     
   500.00000000000000        62.239100639122150     
   502.50000000000000        62.294686602515220     
   505.00000000000000        62.350044447905148     
   507.50000000000000        62.405176159602824     
   510.00000000000000        62.460083695580096     
   512.50000000000000        62.514768987938375     
   515.00000000000000        62.569233943367102     
   517.50000000000000        62.623480443591902     
   520.00000000000000        62.677510345812891     
   522.50000000000000        62.731325483133304     
   525.00000000000000        62.784927664978802     
   527.50000000000000        62.838318677507708     
   530.00000000000000        62.891500284012153     
   532.50000000000000        62.944474225310820     
   535.00000000000000        62.997242220132961     
   537.50000000000000        63.049805965494492     
   540.00000000000000        63.102167137065862     
   542.50000000000000        63.154327389532227     
   545.00000000000000        63.206288356945933     
   547.50000000000000        63.258051653071718     
   550.00000000000000        63.309618871724524     
   552.50000000000000        63.360991587100465     
   555.00000000000000        63.412171354100643     
   557.50000000000000        63.463159708648547     
   560.00000000000000        63.513958168000805     
   562.50000000000000        63.564568231051531     
   565.00000000000000        63.614991378630492     
   567.50000000000000        63.665229073795246     
   570.00000000000000        63.715282762117283     
   572.50000000000000        63.765153871962518     
   575.00000000000000        63.814843814766000     
   577.50000000000000        63.864353985301271     
   580.00000000000000        63.913685761944322     
   582.50000000000000        63.962840506932132     
   585.00000000000000        64.011819566616509     
   587.50000000000000        64.060624271712399     
   590.00000000000000        64.109255937541874     
   592.50000000000000        64.157715864272930     
   595.00000000000000        64.206005337153840     
   597.50000000000000        64.254125626742990     
   600.00000000000000        64.302077989134176     
   602.50000000000000        64.349863666177654     
   605.00000000000000        64.397483885696914     
   607.50000000000000        64.444939861701343     
   610.00000000000000        64.492232794594855     
   612.50000000000000        64.539363871380544     
   615.00000000000000        64.586334265861524     
   617.50000000000000        64.633145138837975     
   620.00000000000000        64.679797638300485     
   622.50000000000000        64.726292899619793     
   625.00000000000000        64.772632045733104     
   627.50000000000000        64.818816187326803     
   630.00000000000000        64.864846423015962     
   632.50000000000000        64.910723839520358     
   635.00000000000000        64.956449511837562     
   637.50000000000000        65.002024503412557     
   640.00000000000000        65.047449866304433     
   642.50000000000000        65.092726641350225     
   645.00000000000000        65.137855858325423     
   647.50000000000000        65.182838536101912     
   650.00000000000000        65.227675682803095     
   652.50000000000000        65.272368295955957     
   655.00000000000000        65.316917362640694     
   657.50000000000000        65.361323859637764     
   660.00000000000000        65.405588753571948     
   662.50000000000000        65.449713001054349     
   665.00000000000000        65.493697548821658     
   667.50000000000000        65.537543333872961     
   670.00000000000000        65.581251283604232     
   672.50000000000000        65.624822315940676     
   675.00000000000000        65.668257339466450     
   677.50000000000000        65.711557253552357     
   680.00000000000000        65.754722948481302     
   682.50000000000000        65.797755305571798     
   685.00000000000000        65.840655197298958     
   687.50000000000000        65.883423487413765     
   690.00000000000000        65.926061031060328     
   692.50000000000000        65.968568674891017     
   695.00000000000000        66.010947257179623     
   697.50000000000000        66.053197607932873     
   700.00000000000000        66.095320548999894     
   702.50000000000000        66.137316894179904     
   705.00000000000000        66.179187449328097     
   707.50000000000000        66.220933012459838     
   710.00000000000000        66.262554373853121     
   712.50000000000000        66.304052316149324     
   715.00000000000000        66.345427614452404     
   717.50000000000000        66.386681036426324     
   720.00000000000000        66.427813342391005     
   722.50000000000000        66.468825285416756     
   725.00000000000000        66.509717611417145     
   727.50000000000000        66.550491059240315     
   730.00000000000000        66.591146360758884     
   732.50000000000000        66.631684240958549     
   735.00000000000000        66.672105418024955     
   737.50000000000000        66.712410603429632     
   740.00000000000000        66.752600502014047     
   742.50000000000000        66.792675812072886     
   745.00000000000000        66.832637225435533     
   747.50000000000000        66.872485427546650     
   750.00000000000000        66.912221097545284     
   752.50000000000000        66.951844908342764     
   755.00000000000000        66.991357526699602     
   757.50000000000000        67.030759613300773     
   760.00000000000000        67.070051822830379     
   762.50000000000000        67.109234804044661     
   765.00000000000000        67.148309199844292     
   767.50000000000000        67.187275647345302     
   770.00000000000000        67.226134777949014     
   772.50000000000000        67.264887217411015     
   775.00000000000000        67.303533585908895     
   777.50000000000000        67.342074498109085     
   780.00000000000000        67.380510563232704     
   782.50000000000000        67.418842385120385     
   785.00000000000000        67.457070562296096     
   787.50000000000000        67.495195688030108     
   790.00000000000000        67.533218350400887     
   792.50000000000000        67.571139132356251     
   795.00000000000000        67.608958611773446     
   797.50000000000000        67.646677361518485     
   800.00000000000000        67.684295949504488     
   802.50000000000000        67.721814938749290     
   805.00000000000000        67.759234887432115     
   807.50000000000000        67.796556348949480     
   810.00000000000000        67.833779871970307     
   812.50000000000000        67.870906000490152     
   815.00000000000000        67.907935273884718     
   817.50000000000000        67.944868226962598     
   820.00000000000000        67.981705390017268     
   822.50000000000000        68.018447288878320     
   825.00000000000000        68.055094444961924     
   827.50000000000000        68.091647375320704     
   830.00000000000000        68.128106592692703     
   832.50000000000000        68.164472605549904     
   835.00000000000000        68.200745918145884     
   837.50000000000000        68.236927030562811     
   840.00000000000000        68.273016438757921     
   842.50000000000000        68.309014634609198     
   845.00000000000000        68.344922105960507     
   847.50000000000000        68.380739336665982     
   850.00000000000000        68.416466806634034     
   852.50000000000000        68.452104991870542     
   855.00000000000000        68.487654364521404     
   857.50000000000000        68.523115392914846     
   860.00000000000000        68.558488541602657     
   862.50000000000000        68.593774271401330     
   865.00000000000000        68.628973039432410     
   867.50000000000000        68.664085299162181     
   870.00000000000000        68.699111500441148     
   872.50000000000000        68.734052089542601     
   875.00000000000000        68.768907509201142     
   877.50000000000000        68.803678198650076     
   880.00000000000000        68.838364593658838     
   882.50000000000000        68.872967126569733     
   885.00000000000000        68.907486226334086     
   887.50000000000000        68.941922318548023     
   890.00000000000000        68.976275825487733     
   892.50000000000000        69.010547166144420     
   895.00000000000000        69.044736756258473     
   897.50000000000000        69.078845008353511     
   900.00000000000000        69.112872331769793     
   902.50000000000000        69.146819132697260     
   905.00000000000000        69.180685814208147     
   907.50000000000000        69.214472776289114     
   910.00000000000000        69.248180415873094     
   912.50000000000000        69.281809126870513     
   915.00000000000000        69.315359300200370     
   917.50000000000000        69.348831323820718     
   920.00000000000000        69.382225582758778     
   922.50000000000000        69.415542459140809     
   925.00000000000000        69.448782332221413     
   927.50000000000000        69.481945578412649     
   930.00000000000000        69.515032571312545     
   932.50000000000000        69.548043681733517     
   935.00000000000000        69.580979277730236     
   937.50000000000000        69.613839724627184     
   940.00000000000000        69.646625385046008     
   942.50000000000000        69.679336618932226     
   945.00000000000000        69.711973783581925     
   947.50000000000000        69.744537233667970     
   950.00000000000000        69.777027321265848     
   952.50000000000000        69.809444395879297     
   955.00000000000000        69.841788804465523     
   957.50000000000000        69.874060891460218     
   960.00000000000000        69.906260998802168     
   962.50000000000000        69.938389465957556     
   965.00000000000000        69.970446629944092     
   967.50000000000000        70.002432825354660     
   970.00000000000000        70.034348384380877     
   972.50000000000000        70.066193636836260     
   975.00000000000000        70.097968910179034     
   977.50000000000000        70.129674529534853     
   980.00000000000000        70.161310817719055     
   982.50000000000000        70.192878095258891     
   985.00000000000000        70.224376680415148     
   987.50000000000000        70.255806889203825     
   990.00000000000000        70.287169035417364     
   992.50000000000000        70.318463430645807     
   995.00000000000000        70.349690384297460     
   997.50000000000000        70.380850203619445     
   1000.0000000000000        70.411943193718059     
   1002.5000000000000        70.442969657578871     
   1005.0000000000000        70.473929896086489     
   1007.5000000000000        70.504824208044084     
   1010.0000000000000        70.535652890192949     
   1012.5000000000000        70.566416237231408     
   1015.0000000000000        70.597114541834003     
   1017.5000000000000        70.627748094669883     
   1020.0000000000000        70.658317184421506     
   1022.5000000000000        70.688822097802856     
   1025.0000000000000        70.719263119577406     
   1027.5000000000000        70.749640532576166     
   1030.0000000000000        70.779954617715063     
   1032.5000000000000        70.810205654012577     
   1035.0000000000000        70.840393918606935     
   1037.5000000000000        70.870519686773079     
   1040.0000000000000        70.900583231939649     
   1042.5000000000000        70.930584825705509     
   1045.0000000000000        70.960524737856332     
   1047.5000000000000        70.990403236380772     
   1050.0000000000000        71.020220587486691     
   1052.5000000000000        71.049977055616964     
   1055.0000000000000        71.079672903465237     
   1057.5000000000000        71.109308391991590     
   1060.0000000000000        71.138883780437808     
   1062.5000000000000        71.168399326342680     
   1065.0000000000000        71.197855285556983     
   1067.5000000000000        71.227251912258453     
   1070.0000000000000        71.256589458966374     
   1072.5000000000000        71.285868176556278     
   1075.0000000000000        71.315088314274277     
   1077.5000000000000        71.344250119751194     
   1080.0000000000000        71.373353839016914     
   1082.5000000000000        71.402399716513997     
   1085.0000000000000        71.431387995111663     
   1087.5000000000000        71.460318916119306     
   1090.0000000000000        71.489192719300078     
   1092.5000000000000        71.518009642884124     
   1095.0000000000000        71.546769923581820     
   1097.5000000000000        71.575473796596768     
   1100.0000000000000        71.604121495638708     
   1125.0000000000000        71.887559290748001     
   1150.0000000000000        72.165626151943258     
   1175.0000000000000        72.438533018615502     
   1200.0000000000000        72.706478391633070     
   1225.0000000000000        72.969649302433297     
   1250.0000000000000        73.228222188978691     
   1275.0000000000000        73.482363689156983     
   1300.0000000000000        73.732231360824429     
   1325.0000000000000        73.977974336514450     
   1350.0000000000000        74.219733919826083     
   1375.0000000000000        74.457644129641380     
   1400.0000000000000        74.691832197575110     
   1425.0000000000000        74.922419023417106     
   1450.0000000000000        75.149519592769693     
   1475.0000000000000        75.373243360599560     
   1500.0000000000000        75.593694604001470     
   1525.0000000000000        75.810972747104685     
   1550.0000000000000        76.025172660731272     
   1575.0000000000000        76.236384939133842     
   1600.0000000000000        76.444696155893695     
   1625.0000000000000        76.650189100841729     
   1650.0000000000000        76.852942999673260     
