   3.0000000000000000        39.884125595564399     
   3.2500000000000000        39.792518490565200     
   3.5000000000000000        39.690921283135964     
   3.7500000000000000        39.585646981356099     
   4.0000000000000000        39.480606596549762     
   4.2500000000000000        39.378200981916656     
   4.5000000000000000        39.279865900859306     
   4.7500000000000000        39.186413245859271     
   5.0000000000000000        39.098249121440958     
   5.2500000000000000        39.015515827794317     
   5.5000000000000000        38.938185916992524     
   5.7500000000000000        38.866125587980491     
   6.0000000000000000        38.799138179504972     
   6.2500000000000000        38.736994501325611     
   6.5000000000000000        38.679454169934232     
   6.7500000000000000        38.626280426385122     
   7.0000000000000000        38.577249835076586     
   7.2500000000000000        38.532157671400505     
   7.5000000000000000        38.490819625024038     
   7.7500000000000000        38.453070554214690     
   8.0000000000000000        38.418761238642858     
   8.2500000000000000        38.387754196588702     
   8.5000000000000000        38.359919542839570     
   8.7500000000000000        38.335131582034073     
   9.0000000000000000        38.313266470164834     
   9.2500000000000000        38.294200957896294     
   9.5000000000000000        38.277812025117704     
   9.7500000000000000        38.263977134233343     
   10.000000000000000        38.252574837140713     
   10.250000000000000        38.243485524761461     
   10.500000000000000        38.236592174450756     
   10.750000000000000        38.231781010102452     
   11.000000000000000        38.228942034682227     
   11.250000000000000        38.227969424823428     
   11.500000000000000        38.228761794771358     
   11.750000000000000        38.231222345865227     
   12.000000000000000        38.235258921009930     
   12.250000000000000        38.240783983547765     
   12.500000000000000        38.247714538180759     
   12.750000000000000        38.255972009114373     
   13.000000000000000        38.265482087968827     
   13.250000000000000        38.276174561541694     
   13.500000000000000        38.287983127340986     
   13.750000000000000        38.300845202982607     
   14.000000000000000        38.314701734050729     
   14.250000000000000        38.329497003818943     
   14.500000000000000        38.345178447281917     
   14.750000000000000        38.361696471208035     
   15.000000000000000        38.379004281354504     
   15.250000000000000        38.397057717552585     
   15.500000000000000        38.415815097044266     
   15.750000000000000        38.435237066209133     
   16.000000000000000        38.455286460642810     
   16.250000000000000        38.475928173420975     
   16.500000000000000        38.497129031294300     
   16.750000000000000        38.518857678499835     
   17.000000000000000        38.541084467837372     
   17.250000000000000        38.563781358637748     
   17.500000000000000        38.586921821241980     
   17.750000000000000        38.610480747609806     
   18.000000000000000        38.634434367683262     
   18.250000000000000        38.658760171141957     
   18.500000000000000        38.683436834200847     
   18.750000000000000        38.708444151117732     
   19.000000000000000        38.733762970094517     
   19.250000000000000        38.759375133274624     
   19.500000000000000        38.785263420556412     
   19.750000000000000        38.811411496960140     
   20.000000000000000        38.837803863303179     
   20.250000000000000        38.864425809954767     
   20.500000000000000        38.891263373456802     
   20.750000000000000        38.918303295812912     
   21.000000000000000        38.945532986261398     
   21.250000000000000        38.972940485361299     
   21.500000000000000        39.000514431232936     
   21.750000000000000        39.028244027806437     
   22.000000000000000        39.056119014941878     
   22.250000000000000        39.084129640295174     
   22.500000000000000        39.112266632813146     
   22.750000000000000        39.140521177749839     
   23.000000000000000        39.168884893103936     
   23.250000000000000        39.197349807385137     
   23.500000000000000        39.225908338623562     
   23.750000000000000        39.254553274543113     
   24.000000000000000        39.283277753825175     
   24.250000000000000        39.312075248394748     
   24.500000000000000        39.340939546665993     
   24.750000000000000        39.369864737688310     
   25.000000000000000        39.398845196139256     
   25.250000000000000        39.427875568113350     
   25.500000000000000        39.456950757660053     
   25.750000000000000        39.486065914027570     
   26.000000000000000        39.515216419571452     
   26.250000000000000        39.544397878290546     
   26.500000000000000        39.573606104954777     
   26.750000000000000        39.602837114791974     
   27.000000000000000        39.632087113702795     
   27.250000000000000        39.661352488974920     
   27.500000000000000        39.690629800469743     
   27.750000000000000        39.719915772255924     
   28.000000000000000        39.749207284666163     
   28.250000000000000        39.778501366754945     
   28.500000000000000        39.807795189135931     
   28.750000000000000        39.837086057179597     
   29.000000000000000        39.866371404552005     
   29.250000000000000        39.895648787077434     
   29.500000000000000        39.924915876908052     
   29.750000000000000        39.954170456984926     
   30.000000000000000        39.983410415775481     
   30.250000000000000        40.012633742273358     
   30.500000000000000        40.041838521247271     
   30.750000000000000        40.071022928726407     
   31.000000000000000        40.100185227709872     
   31.250000000000000        40.129323764089591     
   31.500000000000000        40.158436962775113     
   31.750000000000000        40.187523324010670     
   32.000000000000000        40.216581419874203     
   32.250000000000000        40.245609890949744     
   32.500000000000000        40.274607443163802     
   32.750000000000000        40.303572844777932     
   33.000000000000000        40.332504923529044     
   33.250000000000000        40.361402563910453     
   33.500000000000000        40.390264704586251     
   33.750000000000000        40.419090335932196     
   34.000000000000000        40.447878497696770     
   34.250000000000000        40.476628276776289     
   34.500000000000000        40.505338805098340     
   34.750000000000000        40.534009257607707     
   35.000000000000000        40.562638850349977     
   35.250000000000000        40.591226838647479     
   35.500000000000000        40.619772515363188     
   35.750000000000000        40.648275209247785     
   36.000000000000000        40.676734283365832     
   36.250000000000000        40.705149133597040     
   36.500000000000000        40.733519187208671     
   36.750000000000000        40.761843901495546     
   37.000000000000000        40.790122762484188     
   37.250000000000000        40.818355283697912     
   37.500000000000000        40.846541004979642     
   37.750000000000000        40.874679491369655     
   38.000000000000000        40.902770332035395     
   38.250000000000000        40.930813139250724     
   38.500000000000000        40.958807547422211     
   38.750000000000000        40.986753212159918     
   39.000000000000000        41.014649809390725     
   39.250000000000000        41.042497034511719     
   39.500000000000000        41.070294601581928     
   39.750000000000000        41.098042242550363     
   40.000000000000000        41.125739706518580     
   40.250000000000000        41.153386759036145     
   40.500000000000000        41.180983181427131     
   40.750000000000000        41.208528770146430     
   41.000000000000000        41.236023336164294     
   41.250000000000000        41.263466704377564     
   41.500000000000000        41.290858713046610     
   41.750000000000000        41.318199213256456     
   42.000000000000000        41.345488068401060     
   42.250000000000000        41.372725153689657     
   42.500000000000000        41.399910355674024     
   42.750000000000000        41.427043571795679     
   43.000000000000000        41.454124709952218     
   43.250000000000000        41.481153688081648     
   43.500000000000000        41.508130433764080     
   43.750000000000000        41.535054883839848     
   44.000000000000000        41.561926984043410     
   44.250000000000000        41.588746688652080     
   44.500000000000000        41.615513960149222     
   44.750000000000000        41.642228768900921     
   45.000000000000000        41.668891092845840     
   45.250000000000000        41.695500917197343     
   45.500000000000000        41.722058234157572     
   45.750000000000000        41.748563042642878     
   46.000000000000000        41.775015348020005     
   46.250000000000000        41.801415161852709     
   46.500000000000000        41.827762501658221     
   46.750000000000000        41.854057390673191     
   47.000000000000000        41.880299857628721     
   47.250000000000000        41.906489936533966     
   47.500000000000000        41.932627666468086     
   47.750000000000000        41.958713091380190     
   48.000000000000000        41.984746259896724     
   48.250000000000000        42.010727225136236     
   48.500000000000000        42.036656044531107     
   48.750000000000000        42.062532779655932     
   49.000000000000000        42.088357496062315     
   49.250000000000000        42.114130263119726     
   49.500000000000000        42.139851153862374     
   49.750000000000000        42.165520244841638     
   50.000000000000000        42.191137615983862     
   50.250000000000000        42.216703350453450     
   50.500000000000000        42.242217534520861     
   50.750000000000000        42.267680257435465     
   51.000000000000000        42.293091611302870     
   51.250000000000000        42.318451690966832     
   51.500000000000000        42.343760593895198     
   51.750000000000000        42.369018420070134     
   52.000000000000000        42.394225271882128     
   52.250000000000000        42.419381254027762     
   52.500000000000000        42.444486473411175     
   52.750000000000000        42.469541039048913     
   53.000000000000000        42.494545061978272     
   53.250000000000000        42.519498655168604     
   53.500000000000000        42.544401933436063     
   53.750000000000000        42.569255013360994     
   54.000000000000000        42.594058013208425     
   54.250000000000000        42.618811052851242     
   54.500000000000000        42.643514253696026     
   54.750000000000000        42.668167738611395     
   55.000000000000000        42.692771631858996     
   55.250000000000000        42.717326059026632     
   55.500000000000000        42.741831146963889     
   55.750000000000000        42.766287023719869     
   56.000000000000000        42.790693818483057     
   56.250000000000000        42.815051661523270     
   56.500000000000000        42.839360684135634     
   56.750000000000000        42.863621018586315     
   57.000000000000000        42.887832798060266     
   57.250000000000000        42.911996156610698     
   57.500000000000000        42.936111229110161     
   57.750000000000000        42.960178151203493     
   58.000000000000000        42.984197059262158     
   58.250000000000000        43.008168090340234     
   58.500000000000000        43.032091382131917     
   58.750000000000000        43.055967072930358     
   59.000000000000000        43.079795301587986     
   59.250000000000000        43.103576207478184     
   59.500000000000000        43.127309930458104     
   59.750000000000000        43.150996610832991     
   60.000000000000000        43.174636389321456     
   60.250000000000000        43.198229407022090     
   60.500000000000000        43.221775805381199     
   60.750000000000000        43.245275726161537     
   61.000000000000000        43.268729311412130     
   61.250000000000000        43.292136703439219     
   61.500000000000000        43.315498044778053     
   61.750000000000000        43.338813478165733     
   62.000000000000000        43.362083146514919     
   62.250000000000000        43.385307192888483     
   62.500000000000000        43.408485760474981     
   62.750000000000000        43.431618992564978     
   63.000000000000000        43.454707032528241     
   63.250000000000000        43.477750023791586     
   63.500000000000000        43.500748109817593     
   63.750000000000000        43.523701434084003     
   64.000000000000000        43.546610140063883     
   64.250000000000000        43.569474371206375     
   64.500000000000000        43.592294270918217     
   64.750000000000000        43.615069982545826     
   65.000000000000000        43.637801649358060     
   65.250000000000000        43.660489414529557     
   65.500000000000000        43.683133421124680     
   65.750000000000000        43.705733812081988     
   66.000000000000000        43.728290730199255     
   66.250000000000000        43.750804318119130     
   66.500000000000000        43.773274718315136     
   66.750000000000000        43.795702073078282     
   67.000000000000000        43.818086524504196     
   67.250000000000000        43.840428214480539     
   67.500000000000000        43.862727284675053     
   67.750000000000000        43.884983876524061     
   68.000000000000000        43.907198131221186     
   68.250000000000000        43.929370189706688     
   68.500000000000000        43.951500192657107     
   68.750000000000000        43.973588280475333     
   69.000000000000000        43.995634593281018     
   69.250000000000000        44.017639270901320     
   69.500000000000000        44.039602452862113     
   69.750000000000000        44.061524278379402     
   70.000000000000000        44.083404886351161     
   70.250000000000000        44.105244415349468     
   70.500000000000000        44.127043003612933     
   70.750000000000000        44.148800789039406     
   71.000000000000000        44.170517909179068     
   71.250000000000000        44.192194501227704     
   71.500000000000000        44.213830702020310     
   71.750000000000000        44.235426648024948     
   72.000000000000000        44.256982475336805     
   72.250000000000000        44.278498319672636     
   72.500000000000000        44.299974316365308     
   72.750000000000000        44.321410600358625     
   73.000000000000000        44.342807306202467     
   73.250000000000000        44.364164568047990     
   73.500000000000000        44.385482519643169     
   73.750000000000000        44.406761294328469     
   74.000000000000000        44.428001025032813     
   74.250000000000000        44.449201844269588     
   74.500000000000000        44.470363884133036     
   74.750000000000000        44.491487276294585     
   75.000000000000000        44.512572151999706     
   75.250000000000000        44.533618642064489     
   75.500000000000000        44.554626876872824     
   75.750000000000000        44.575596986373455     
   76.000000000000000        44.596529100077269     
   76.250000000000000        44.617423347054853     
   76.500000000000000        44.638279855933931     
   76.750000000000000        44.659098754897279     
   77.000000000000000        44.679880171680487     
   77.250000000000000        44.700624233570075     
   77.500000000000000        44.721331067401508     
   77.750000000000000        44.742000799557559     
   78.000000000000000        44.762633555966737     
   78.250000000000000        44.783229462101680     
   78.500000000000000        44.803788642977885     
   78.750000000000000        44.824311223152378     
   79.000000000000000        44.844797326722585     
   79.250000000000000        44.865247077325279     
   79.500000000000000        44.885660598135622     
   79.750000000000000        44.906038011866308     
   80.000000000000000        44.926379440766802     
   80.250000000000000        44.946685006622651     
   80.500000000000000        44.966954830754965     
   80.750000000000000        44.987189034019842     
   81.000000000000000        45.007387736807999     
   81.250000000000000        45.027551059044441     
   81.500000000000000        45.047679120188192     
   81.750000000000000        45.067772039232125     
   82.000000000000000        45.087829934702853     
   82.250000000000000        45.107852924660676     
   82.500000000000000        45.127841126699636     
   82.750000000000000        45.147794657947593     
   83.000000000000000        45.167713635066448     
   83.250000000000000        45.187598174252273     
   83.500000000000000        45.207448391235616     
   83.750000000000000        45.227264401281943     
   84.000000000000000        45.247046319191881     
   84.250000000000000        45.266794259301776     
   84.500000000000000        45.286508335484172     
   84.750000000000000        45.306188661148333     
   85.000000000000000        45.325835349240890     
   85.250000000000000        45.345448512246421     
   85.500000000000000        45.365028262188233     
   85.750000000000000        45.384574710629039     
   86.000000000000000        45.404087968671767     
   86.250000000000000        45.423568146960342     
   86.500000000000000        45.443015355680579     
   86.750000000000000        45.462429704561096     
   87.000000000000000        45.481811302874192     
   87.250000000000000        45.501160259436887     
   87.500000000000000        45.520476682611843     
   87.750000000000000        45.539760680308497     
   88.000000000000000        45.559012359984060     
   88.250000000000000        45.578231828644597     
   88.500000000000000        45.597419192846260     
   88.750000000000000        45.616574558696342     
   89.000000000000000        45.635698031854481     
   89.250000000000000        45.654789717533923     
   89.500000000000000        45.673849720502673     
   89.750000000000000        45.692878145084826     
   90.000000000000000        45.711875095161815     
   90.250000000000000        45.730840674173713     
   90.500000000000000        45.749774985120567     
   90.750000000000000        45.768678130563714     
   91.000000000000000        45.787550212627231     
   91.250000000000000        45.806391332999198     
   91.500000000000000        45.825201592933219     
   91.750000000000000        45.843981093249710     
   92.000000000000000        45.862729934337480     
   92.250000000000000        45.881448216155064     
   92.500000000000000        45.900136038232226     
   92.750000000000000        45.918793499671487     
   93.000000000000000        45.937420699149534     
   93.250000000000000        45.956017734918802     
   93.500000000000000        45.974584704808926     
   93.750000000000000        45.993121706228344     
   94.000000000000000        46.011628836165741     
   94.250000000000000        46.030106191191713     
   94.500000000000000        46.048553867460278     
   94.750000000000000        46.066971960710376     
   95.000000000000000        46.085360566267589     
   95.250000000000000        46.103719779045612     
   95.500000000000000        46.122049693547908     
   95.750000000000000        46.140350403869306     
   96.000000000000000        46.158622003697580     
   96.250000000000000        46.176864586315105     
   96.500000000000000        46.195078244600460     
   96.750000000000000        46.213263071030021     
   97.000000000000000        46.231419157679689     
   97.250000000000000        46.249546596226445     
   97.500000000000000        46.267645477949998     
   97.750000000000000        46.285715893734483     
   98.000000000000000        46.303757934070049     
   98.250000000000000        46.321771689054550     
   98.500000000000000        46.339757248395216     
   98.750000000000000        46.357714701410252     
   99.000000000000000        46.375644137030541     
   99.250000000000000        46.393545643801303     
   99.500000000000000        46.411419309883776     
   99.750000000000000        46.429265223056831     
   100.00000000000000        46.447083470718660     
   100.25000000000000        46.464874139888472     
   100.50000000000000        46.482637317208145     
   100.75000000000000        46.500373088943860     
   101.00000000000000        46.518081540987801     
   101.25000000000000        46.535762758859832     
   101.50000000000000        46.553416827709135     
   101.75000000000000        46.571043832315894     
   102.00000000000000        46.588643857092919     
   102.25000000000000        46.606216986087382     
   102.50000000000000        46.623763302982454     
   102.75000000000000        46.641282891098911     
   100.00000000000000        46.447083470718660     
   102.50000000000000        46.623763302982454     
   105.00000000000000        46.797769959804491     
   107.50000000000000        46.969184818951149     
   110.00000000000000        47.138085815043567     
   112.50000000000000        47.304547600190496     
   115.00000000000000        47.468641699969162     
   117.50000000000000        47.630436663988675     
   120.00000000000000        47.789998210550898     
   122.50000000000000        47.947389365132466     
   125.00000000000000        48.102670592569758     
   127.50000000000000        48.255899922944522     
