   3.0000000000000000        59.613655946426732     
   3.2500000000000000        57.881966348178700     
   3.5000000000000000        56.385001791009259     
   3.7500000000000000        55.078660308190926     
   4.0000000000000000        53.929331605247903     
   4.2500000000000000        52.910928158570201     
   4.5000000000000000        52.002875488372091     
   4.7500000000000000        51.188717278742885     
   5.0000000000000000        50.455125770707880     
   5.2500000000000000        49.791185935834825     
   5.5000000000000000        49.187868687595397     
   5.7500000000000000        48.637637200271428     
   6.0000000000000000        48.134148626174230     
   6.2500000000000000        47.672025292648833     
   6.5000000000000000        47.246677247572812     
   6.7500000000000000        46.854163258455252     
   7.0000000000000000        46.491080946357783     
   7.2500000000000000        46.154479210547926     
   7.5000000000000000        45.841787832710743     
   7.7500000000000000        45.550760379232472     
   8.0000000000000000        45.279427410256332     
   8.2500000000000000        45.026057670336044     
   8.5000000000000000        44.789125458326154     
   8.7500000000000000        44.567282805550661     
   9.0000000000000000        44.359335457426042     
   9.2500000000000000        44.164221959865152     
   9.5000000000000000        43.980995391272394     
   9.7500000000000000        43.808807446423977     
   10.000000000000000        43.646894671311458     
   10.250000000000000        43.494566681258618     
   10.500000000000000        43.351196189816555     
   10.750000000000000        43.216210655894869     
   11.000000000000000        43.089085338977000     
   11.250000000000000        42.969337546674360     
   11.500000000000000        42.856521867376358     
   11.750000000000000        42.750226200559212     
   12.000000000000000        42.650068423685937     
   12.250000000000000        42.555693562972991     
   12.500000000000000        42.466771362241786     
   12.750000000000000        42.382994167657870     
   13.000000000000000        42.304075065619841     
   13.250000000000000        42.229746226422449     
   13.500000000000000        42.159757418048763     
   13.750000000000000        42.093874663184238     
   14.000000000000000        42.031879018939236     
   14.250000000000000        41.973565463391900     
   14.500000000000000        41.918741876392417     
   14.750000000000000        41.867228104467472     
   15.000000000000000        41.818855101405902     
   15.250000000000000        41.773464137388544     
   15.500000000000000        41.730906070490896     
   15.750000000000000        41.691040675131951     
   16.000000000000000        41.653736022635130     
   16.250000000000000        41.618867909552883     
   16.500000000000000        41.586319329815652     
   16.750000000000000        41.555979987118796     
   17.000000000000000        41.527745844272992     
   17.250000000000000        41.501518706520798     
   17.500000000000000        41.477205836073956     
   17.750000000000000        41.454719595354298     
   18.000000000000000        41.433977116629592     
   18.250000000000000        41.414899995927961     
   18.500000000000000        41.397414009289243     
   18.750000000000000        41.381448849573530     
   19.000000000000000        41.366937882195032     
   19.250000000000000        41.353817918285117     
   19.500000000000000        41.342029003913431     
   19.750000000000000        41.331514224109789     
   20.000000000000000        41.322219520534517     
   20.250000000000000        41.314093521740830     
   20.500000000000000        41.307087385059958     
   20.750000000000000        41.301154649220940     
   21.000000000000000        41.296251096889314     
   21.250000000000000        41.292334626376800     
   21.500000000000000        41.289365131834927     
   21.750000000000000        41.287304391301845     
   22.000000000000000        41.286115962022649     
   22.250000000000000        41.285765082510252     
   22.500000000000000        41.286218580857117     
   22.750000000000000        41.287444788846614     
   23.000000000000000        41.289413461449158     
   23.250000000000000        41.292095701320740     
   23.500000000000000        41.295463887951456     
   23.750000000000000        41.299491611139203     
   24.000000000000000        41.304153608488804     
   24.250000000000000        41.309425706659617     
   24.500000000000000        41.315284766106430     
   24.750000000000000        41.321708629076873     
   25.000000000000000        41.328676070647347     
   25.250000000000000        41.336166752595119     
   25.500000000000000        41.344161179919190     
   25.750000000000000        41.352640659837142     
   26.000000000000000        41.361587263096546     
   26.250000000000000        41.370983787452424     
   26.500000000000000        41.380813723172025     
   26.750000000000000        41.391061220438893     
   27.000000000000000        41.401711058536385     
   27.250000000000000        41.412748616700064     
   27.500000000000000        41.424159846535716     
   27.750000000000000        41.435931245906836     
   28.000000000000000        41.448049834202202     
   28.250000000000000        41.460503128900314     
   28.500000000000000        41.473279123352860     
   28.750000000000000        41.486366265714935     
   29.000000000000000        41.499753438954286     
   29.250000000000000        41.513429941876439     
   29.500000000000000        41.527385471106911     
   29.750000000000000        41.541610103975160     
   30.000000000000000        41.556094282248857     
   30.250000000000000        41.570828796670206     
   30.500000000000000        41.585804772249219     
   30.750000000000000        41.601013654271618     
   31.000000000000000        41.616447194981518     
   31.250000000000000        41.632097440902349     
   31.500000000000000        41.647956720760327     
   31.750000000000000        41.664017633978588     
   32.000000000000000        41.680273039710620     
   32.250000000000000        41.696716046384658     
   32.500000000000000        41.713340001731531     
   32.750000000000000        41.730138483270892     
   33.000000000000000        41.747105289231378     
   33.250000000000000        41.764234429882663     
   33.500000000000000        41.781520119257756     
   33.750000000000000        41.798956767245755     
   34.000000000000000        41.816538972036170     
   34.250000000000000        41.834261512897044     
   34.500000000000000        41.852119343270097     
   34.750000000000000        41.870107584167165     
   35.000000000000000        41.888221517852912     
   35.250000000000000        41.906456581799766     
   35.500000000000000        41.924808362901892     
   35.750000000000000        41.943272591935354     
   36.000000000000000        41.961845138252926     
   36.250000000000000        41.980522004702017     
   36.500000000000000        41.999299322755249     
   36.750000000000000        42.018173347843558     
   37.000000000000000        42.037140454882241     
   37.250000000000000        42.056197133981087     
   37.500000000000000        42.075339986329844     
   37.750000000000000        42.094565720251026     
   38.000000000000000        42.113871147412425     
   38.250000000000000        42.133253179191833     
   38.500000000000000        42.152708823187297     
   38.750000000000000        42.172235179866256     
   39.000000000000000        42.191829439347231     
   39.250000000000000        42.211488878308302     
   39.500000000000000        42.231210857016613     
   39.750000000000000        42.250992816473733     
   40.000000000000000        42.270832275671552     
   40.250000000000000        42.290726828954142     
   40.500000000000000        42.310674143480796     
   40.750000000000000        42.330671956785956     
   41.000000000000000        42.350718074431882     
   41.250000000000000        42.370810367749989     
   41.500000000000000        42.390946771667323     
   41.750000000000000        42.411125282614201     
   42.000000000000000        42.431343956510069     
   42.250000000000000        42.451600906823806     
   42.500000000000000        42.471894302705863     
   42.750000000000000        42.492222367188745     
   43.000000000000000        42.512583375453609     
   43.250000000000000        42.532975653159603     
   43.500000000000000        42.553397574834037     
   43.750000000000000        42.573847562320388     
   44.000000000000000        42.594324083282089     
   44.250000000000000        42.614825649759794     
   44.500000000000000        42.635350816779969     
   44.750000000000000        42.655898181012638     
   45.000000000000000        42.676466379476679     
   45.250000000000000        42.697054088290294     
   45.500000000000000        42.717660021465306     
   45.750000000000000        42.738282929743406     
   46.000000000000000        42.758921599472622     
   46.250000000000000        42.779574851522575     
   46.500000000000000        42.800241540236982     
   46.750000000000000        42.820920552422031     
   47.000000000000000        42.841610806369076     
   47.250000000000000        42.862311250910558     
   47.500000000000000        42.883020864507778     
   47.750000000000000        42.903738654369313     
   48.000000000000000        42.924463655598949     
   48.250000000000000        42.945194930371990     
   48.500000000000000        42.965931567139002     
   48.750000000000000        42.986672679855744     
   49.000000000000000        43.007417407238599     
   49.250000000000000        43.028164912044232     
   49.500000000000000        43.048914380373006     
   49.750000000000000        43.069665020994819     
   50.000000000000000        43.090416064696925     
   50.250000000000000        43.111166763652740     
   50.500000000000000        43.131916390810915     
   50.750000000000000        43.152664239304045     
   51.000000000000000        43.173409621876061     
   51.250000000000000        43.194151870327957     
   51.500000000000000        43.214890334980993     
   51.750000000000000        43.235624384156729     
   52.000000000000000        43.256353403673536     
   52.250000000000000        43.277076796358664     
   52.500000000000000        43.297793981575595     
   52.750000000000000        43.318504394766094     
   53.000000000000000        43.339207487006277     
   53.250000000000000        43.359902724576450     
   53.500000000000000        43.380589588544112     
   53.750000000000000        43.401267574359643     
   54.000000000000000        43.421936191464333     
   54.250000000000000        43.442594962910313     
   54.500000000000000        43.463243424991923     
   54.750000000000000        43.483881126888143     
   55.000000000000000        43.504507630315828     
   55.250000000000000        43.525122509193231     
   55.500000000000000        43.545725349313521     
   55.750000000000000        43.566315748028018     
   56.000000000000000        43.586893313938816     
   56.250000000000000        43.607457666600340     
   56.500000000000000        43.628008436229784     
   56.750000000000000        43.648545263425824     
   57.000000000000000        43.669067798895782     
   57.250000000000000        43.689575703190471     
   57.500000000000000        43.710068646446764     
   57.750000000000000        43.730546308137654     
   58.000000000000000        43.751008376829418     
   58.250000000000000        43.771454549945702     
   58.500000000000000        43.791884533538386     
   58.750000000000000        43.812298042064938     
   59.000000000000000        43.832694798172035     
   59.250000000000000        43.853074532485351     
   59.500000000000000        43.873436983405149     
   59.750000000000000        43.893781896907754     
   60.000000000000000        43.914109026352364     
   60.250000000000000        43.934418132293423     
   60.500000000000000        43.954708982298122     
   60.750000000000000        43.974981350768864     
   61.000000000000000        43.995235018770792     
   61.250000000000000        44.015469773863821     
   61.500000000000000        44.035685409939560     
   61.750000000000000        44.055881727062378     
   62.000000000000000        44.076058531314978     
   62.250000000000000        44.096215634648118     
   62.500000000000000        44.116352854734352     
   62.750000000000000        44.136470014825740     
   63.000000000000000        44.156566943615395     
   63.250000000000000        44.176643475102665     
   63.500000000000000        44.196699448461928     
   63.750000000000000        44.216734707914981     
   64.000000000000000        44.236749102606687     
   64.250000000000000        44.256742486483894     
   64.500000000000000        44.276714718177679     
   64.750000000000000        44.296665660888543     
   65.000000000000000        44.316595182274668     
   65.250000000000000        44.336503154343134     
   65.500000000000000        44.356389453343859     
   65.750000000000000        44.376253959666421     
   66.000000000000000        44.396096557739384     
   66.250000000000000        44.415917135932403     
   66.500000000000000        44.435715586460724     
   66.750000000000000        44.455491805292162     
   67.000000000000000        44.475245692056475     
   67.250000000000000        44.494977149957002     
   67.500000000000000        44.514686085684595     
   67.750000000000000        44.534372409333749     
   68.000000000000000        44.554036034320781     
   68.250000000000000        44.573676877304088     
   68.500000000000000        44.593294858106454     
   68.750000000000000        44.612889899639342     
   69.000000000000000        44.632461927828885     
   69.250000000000000        44.652010871543965     
   69.500000000000000        44.671536662525909     
   69.750000000000000        44.691039235319984     
   70.000000000000000        44.710518527208642     
   70.250000000000000        44.729974478146303     
   70.500000000000000        44.749407030695806     
   70.750000000000000        44.768816129966432     
   71.000000000000000        44.788201723553399     
   71.250000000000000        44.807563761478875     
   71.500000000000000        44.826902196134405     
   71.750000000000000        44.846216982224732     
   72.000000000000000        44.865508076712956     
   72.250000000000000        44.884775438767129     
   72.500000000000000        44.904019029707996     
   72.750000000000000        44.923238812958026     
   73.000000000000000        44.942434753991805     
   73.250000000000000        44.961606820287386     
   73.500000000000000        44.980754981279013     
   73.750000000000000        44.999879208310745     
   74.000000000000000        45.018979474591525     
   74.250000000000000        45.038055755150886     
   74.500000000000000        45.057108026796087     
   74.750000000000000        45.076136268069938     
   75.000000000000000        45.095140459209972     
   75.250000000000000        45.114120582108200     
   75.500000000000000        45.133076620272085     
   75.750000000000000        45.152008558786335     
   76.000000000000000        45.170916384275543     
   76.250000000000000        45.189800084867784     
   76.500000000000000        45.208659650158950     
   76.750000000000000        45.227495071178090     
   77.000000000000000        45.246306340353314     
   77.250000000000000        45.265093451478720     
   77.500000000000000        45.283856399681888     
   77.750000000000000        45.302595181392221     
   78.000000000000000        45.321309794310096     
   78.250000000000000        45.340000237376479     
   78.500000000000000        45.358666510743497     
   78.750000000000000        45.377308615745491     
   79.000000000000000        45.395926554870847     
   79.250000000000000        45.414520331734408     
   79.500000000000000        45.433089951050547     
   79.750000000000000        45.451635418606799     
   80.000000000000000        45.470156741238142     
   80.250000000000000        45.488653926801824     
   80.500000000000000        45.507126984152791     
   80.750000000000000        45.525575923119646     
   81.000000000000000        45.544000754481104     
   81.250000000000000        45.562401489943127     
   81.500000000000000        45.580778142116330     
   81.750000000000000        45.599130724494138     
   82.000000000000000        45.617459251431242     
   82.250000000000000        45.635763738122648     
   82.500000000000000        45.654044200583172     
   82.750000000000000        45.672300655627332     
   83.000000000000000        45.690533120849736     
   83.250000000000000        45.708741614605941     
   83.500000000000000        45.726926155993603     
   83.750000000000000        45.745086764834220     
   84.000000000000000        45.763223461655137     
   84.250000000000000        45.781336267671989     
   84.500000000000000        45.799425204771559     
   84.750000000000000        45.817490295494999     
   85.000000000000000        45.835531563021398     
   85.250000000000000        45.853549031151687     
   85.500000000000000        45.871542724292986     
   85.750000000000000        45.889512667443199     
   86.000000000000000        45.907458886176030     
   86.250000000000000        45.925381406626201     
   86.500000000000000        45.943280255475138     
   86.750000000000000        45.961155459936862     
   87.000000000000000        45.979007047744219     
   87.250000000000000        45.996835047135484     
   87.500000000000000        46.014639486841055     
   87.750000000000000        46.032420396070670     
   88.000000000000000        46.050177804500741     
   88.250000000000000        46.067911742262027     
   88.500000000000000        46.085622239927567     
   88.750000000000000        46.103309328500856     
   89.000000000000000        46.120973039404269     
   89.250000000000000        46.138613404467797     
   89.500000000000000        46.156230455917900     
   89.750000000000000        46.173824226366747     
   90.000000000000000        46.191394748801592     
   90.250000000000000        46.208942056574379     
   90.500000000000000        46.226466183391636     
   90.750000000000000        46.243967163304475     
   91.000000000000000        46.261445030698965     
   91.250000000000000        46.278899820286519     
   91.500000000000000        46.296331567094654     
   91.750000000000000        46.313740306457845     
   92.000000000000000        46.331126074008630     
   92.250000000000000        46.348488905668844     
   92.500000000000000        46.365828837641139     
   92.750000000000000        46.383145906400543     
   93.000000000000000        46.400440148686364     
   93.250000000000000        46.417711601494112     
   93.500000000000000        46.434960302067708     
   93.750000000000000        46.452186287891770     
   94.000000000000000        46.469389596684145     
   94.250000000000000        46.486570266388547     
   94.500000000000000        46.503728335167338     
   94.750000000000000        46.520863841394529     
   95.000000000000000        46.537976823648862     
   95.250000000000000        46.555067320707067     
   95.500000000000000        46.572135371537250     
   95.750000000000000        46.589181015292468     
   96.000000000000000        46.606204291304365     
   96.250000000000000        46.623205239077016     
   96.500000000000000        46.640183898280824     
   96.750000000000000        46.657140308746591     
   97.000000000000000        46.674074510459789     
   97.250000000000000        46.690986543554779     
   97.500000000000000        46.707876448309285     
   97.750000000000000        46.724744265138980     
   98.000000000000000        46.741590034592107     
   98.250000000000000        46.758413797344318     
   98.500000000000000        46.775215594193497     
   98.750000000000000        46.791995466054821     
   99.000000000000000        46.808753453955852     
   99.250000000000000        46.825489599031748     
   99.500000000000000        46.842203942520598     
   99.750000000000000        46.858896525758766     
   100.00000000000000        46.875567390176492     
   100.25000000000000        46.892216577293432     
   100.50000000000000        46.908844128714435     
   100.75000000000000        46.925450086125203     
   101.00000000000000        46.942034491288354     
   101.25000000000000        46.958597386039202     
   101.50000000000000        46.975138812281955     
   101.75000000000000        46.991658811985793     
   102.00000000000000        47.008157427181075     
   102.25000000000000        47.024634699955705     
   102.50000000000000        47.041090672451453     
   102.75000000000000        47.057525386860426     
   100.00000000000000        46.875567390176492     
   102.50000000000000        47.041090672451453     
   105.00000000000000        47.204488184924202     
   107.50000000000000        47.365802298525345     
   110.00000000000000        47.525075555093160     
   112.50000000000000        47.682350418388289     
   115.00000000000000        47.837669075094198     
   117.50000000000000        47.991073276688446     
   120.00000000000000        48.142604214782622     
   122.50000000000000        48.292302423899351     
   125.00000000000000        48.440207706757803     
   127.50000000000000        48.586359078029368     
