   3.0000000000000000        62.813364021679959     
   3.2500000000000000        60.671204451723220     
   3.5000000000000000        58.833137868768219     
   3.7500000000000000        57.240081615576081     
   4.0000000000000000        55.847413844628541     
   4.2500000000000000        54.620786277525298     
   4.5000000000000000        53.533316782140567     
   4.7500000000000000        52.563657779091272     
   5.0000000000000000        51.694636737769414     
   5.2500000000000000        50.912279895533665     
   5.5000000000000000        50.205098478047333     
   5.7500000000000000        49.563558339464194     
   6.0000000000000000        48.979680068270220     
   6.2500000000000000        48.446733392758567     
   6.5000000000000000        47.959000743961504     
   6.7500000000000000        47.511592219346120     
   7.0000000000000000        47.100299233019115     
   7.2500000000000000        46.721477643474010     
   7.5000000000000000        46.371953627680732     
   7.7500000000000000        46.048947345979229     
   8.0000000000000000        45.750010724171460     
   8.2500000000000000        45.472976601354318     
   8.5000000000000000        45.215917143217681     
   8.7500000000000000        44.977109865708428     
   9.0000000000000000        44.755009908540117     
   9.2500000000000000        44.548227394306316     
   9.5000000000000000        44.355508854719552     
   9.7500000000000000        44.175721837727174     
   10.000000000000000        44.007841948236660     
   10.250000000000000        43.850941723636168     
   10.500000000000000        43.704180893465839     
   10.750000000000000        43.566797706474446     
   11.000000000000000        43.438101116824612     
   11.250000000000000        43.317463699828146     
   11.500000000000000        43.204315218057985     
   11.750000000000000        43.098136786733818     
   12.000000000000000        42.998455599938850     
   12.250000000000000        42.904840182857697     
   12.500000000000000        42.816896134597542     
   12.750000000000000        42.734262324316077     
   13.000000000000000        42.656607501964416     
   13.250000000000000        42.583627284620391     
   13.500000000000000        42.515041480223580     
   13.750000000000000        42.450591712328205     
   14.000000000000000        42.390039311973538     
   14.250000000000000        42.333163445643642     
   14.500000000000000        42.279759451313012     
   14.750000000000000        42.229637357577147     
   15.000000000000000        42.182620563728577     
   15.250000000000000        42.138544661292002     
   15.500000000000000        42.097256379940468     
   15.750000000000000        42.058612642869058     
   16.000000000000000        42.022479718608182     
   16.250000000000000        41.988732457931427     
   16.500000000000000        41.957253605972269     
   16.750000000000000        41.927933180932179     
   17.000000000000000        41.900667911862236     
   17.250000000000000        41.875360728951676     
   17.500000000000000        41.851920300579572     
   17.750000000000000        41.830260612097469     
   18.000000000000000        41.810300581926114     
   18.250000000000000        41.791963711082651     
   18.500000000000000        41.775177762716375     
   18.750000000000000        41.759874468632731     
   19.000000000000000        41.745989260133200     
   19.250000000000000        41.733461020803489     
   19.500000000000000        41.722231859146753     
   19.750000000000000        41.712246899190724     
   20.000000000000000        41.703454087400615     
   20.250000000000000        41.695804014407813     
   20.500000000000000        41.689249750221151     
   20.750000000000000        41.683746691725780     
   21.000000000000000        41.679252421396193     
   21.250000000000000        41.675726576258441     
   21.500000000000000        41.673130726231591     
   21.750000000000000        41.671428261063795     
   22.000000000000000        41.670584285153410     
   22.250000000000000        41.670565519613533     
   22.500000000000000        41.671340210997478     
   22.750000000000000        41.672878046157351     
   23.000000000000000        41.675150072755216     
   23.250000000000000        41.678128624989888     
   23.500000000000000        41.681787254141227     
   23.750000000000000        41.686100663567913     
   24.000000000000000        41.691044647827425     
   24.250000000000000        41.696596035613801     
   24.500000000000000        41.702732636235524     
   24.750000000000000        41.709433189378480     
   25.000000000000000        41.716677317919903     
   25.250000000000000        41.724445483578606     
   25.500000000000000        41.732718945203750     
   25.750000000000000        41.741479719520264     
   26.000000000000000        41.750710544163333     
   26.250000000000000        41.760394842847383     
   26.500000000000000        41.770516692526897     
   26.750000000000000        41.781060792417342     
   27.000000000000000        41.792012434754149     
   27.250000000000000        41.803357477177165     
   27.500000000000000        41.815082316636094     
   27.750000000000000        41.827173864719860     
   28.000000000000000        41.839619524320618     
   28.250000000000000        41.852407167548407     
   28.500000000000000        41.865525114819341     
   28.750000000000000        41.878962115045510     
   29.000000000000000        41.892707326858968     
   29.250000000000000        41.906750300808255     
   29.500000000000000        41.921080962468594     
   29.750000000000000        41.935689596412061     
   30.000000000000000        41.950566830987107     
   30.250000000000000        41.965703623860215     
   30.500000000000000        41.981091248275561     
   30.750000000000000        41.996721279991768     
   31.000000000000000        42.012585584856964     
   31.250000000000000        42.028676306986419     
   31.500000000000000        42.044985857508756     
   31.750000000000000        42.061506903849420     
   32.000000000000000        42.078232359521614     
   32.250000000000000        42.095155374397073     
   32.500000000000000        42.112269325430567     
   32.750000000000000        42.129567807813729     
   33.000000000000000        42.147044626535298     
   33.250000000000000        42.164693788326133     
   33.500000000000000        42.182509493968773     
   33.750000000000000        42.200486130952498     
   34.000000000000000        42.218618266455991     
   34.250000000000000        42.236900640640513     
   34.500000000000000        42.255328160238086     
   34.750000000000000        42.273895892419269     
   35.000000000000000        42.292599058926712     
   35.250000000000000        42.311433030461082     
   35.500000000000000        42.330393321306794     
   35.750000000000000        42.349475584185640     
   36.000000000000000        42.368675605327354     
   36.250000000000000        42.387989299746216     
   36.500000000000000        42.407412706713956     
   36.750000000000000        42.426941985419546     
   37.000000000000000        42.446573410806685     
   37.250000000000000        42.466303369580856     
   37.500000000000000        42.486128356377797     
   37.750000000000000        42.506044970085767     
   38.000000000000000        42.526049910314782     
   38.250000000000000        42.546139974005492     
   38.500000000000000        42.566312052171824     
   38.750000000000000        42.586563126770990     
   39.000000000000000        42.606890267695121     
   39.250000000000000        42.627290629879084     
   39.500000000000000        42.647761450519361     
   39.750000000000000        42.668300046398961     
   40.000000000000000        42.688903811313565     
   40.250000000000000        42.709570213594837     
   40.500000000000000        42.730296793726168     
   40.750000000000000        42.751081162047349     
   41.000000000000000        42.771920996543827     
   41.250000000000000        42.792814040717438     
   41.500000000000000        42.813758101534781     
   41.750000000000000        42.834751047450034     
   42.000000000000000        42.855790806499279     
   42.250000000000000        42.876875364462983     
   42.500000000000000        42.898002763094269     
   42.750000000000000        42.919171098409748     
   43.000000000000000        42.940378519040827     
   43.250000000000000        42.961623224642686     
   43.500000000000000        42.982903464358799     
   43.750000000000000        43.004217535338562     
   44.000000000000000        43.025563781306175     
   44.250000000000000        43.046940591178384     
   44.500000000000000        43.068346397729577     
   44.750000000000000        43.089779676301895     
   45.000000000000000        43.111238943559073     
   45.250000000000000        43.132722756281886     
   45.500000000000000        43.154229710203907     
   45.750000000000000        43.175758438885865     
   46.000000000000000        43.197307612627206     
   46.250000000000000        43.218875937413294     
   46.500000000000000        43.240462153897184     
   46.750000000000000        43.262065036414363     
   47.000000000000000        43.283683392029417     
   47.250000000000000        43.305316059613411     
   47.500000000000000        43.326961908950757     
   47.750000000000000        43.348619839874651     
   48.000000000000000        43.370288781429771     
   48.250000000000000        43.391967691061588     
   48.500000000000000        43.413655553831056     
   48.750000000000000        43.435351381653817     
   49.000000000000000        43.457054212563158     
   49.250000000000000        43.478763109995825     
   49.500000000000000        43.500477162099756     
   49.750000000000000        43.522195481063108     
   50.000000000000000        43.543917202463874     
   50.250000000000000        43.565641484639137     
   50.500000000000000        43.587367508073569     
   50.750000000000000        43.609094474806270     
   51.000000000000000        43.630821607855481     
   51.250000000000000        43.652548150660451     
   51.500000000000000        43.674273366539950     
   51.750000000000000        43.695996538166817     
   52.000000000000000        43.717716967058031     
   52.250000000000000        43.739433973079763     
   52.500000000000000        43.761146893966938     
   52.750000000000000        43.782855084856791     
   53.000000000000000        43.804557917835922     
   53.250000000000000        43.826254781500602     
   53.500000000000000        43.847945080529527     
   53.750000000000000        43.869628235269055     
   54.000000000000000        43.891303681330150     
   54.250000000000000        43.912970869196847     
   54.500000000000000        43.934629263845856     
   54.750000000000000        43.956278344376905     
   55.000000000000000        43.977917603653395     
   55.250000000000000        43.999546547953365     
   55.500000000000000        44.021164696629889     
   55.750000000000000        44.042771581781253     
   56.000000000000000        44.064366747930109     
   56.250000000000000        44.085949751711453     
   56.500000000000000        44.107520161569376     
   56.750000000000000        44.129077557461976     
   57.000000000000000        44.150621530574412     
   57.250000000000000        44.172151683039857     
   57.500000000000000        44.193667627667843     
   57.750000000000000        44.215168987680137     
   58.000000000000000        44.236655396453671     
   58.250000000000000        44.258126497270410     
   58.500000000000000        44.279581943073886     
   58.750000000000000        44.301021396232272     
   59.000000000000000        44.322444528307820     
   59.250000000000000        44.343851019832243     
   59.500000000000000        44.365240560088289     
   59.750000000000000        44.386612846896838     
   60.000000000000000        44.407967586409796     
   60.250000000000000        44.429304492908294     
   60.500000000000000        44.450623288606174     
   60.750000000000000        44.471923703458693     
   61.000000000000000        44.493205474976044     
   61.250000000000000        44.514468348041810     
   61.500000000000000        44.535712074736168     
   61.750000000000000        44.556936414163395     
   62.000000000000000        44.578141132284152     
   62.250000000000000        44.599326001751734     
   62.500000000000000        44.620490801752702     
   62.750000000000000        44.641635317851545     
   63.000000000000000        44.662759341839184     
   63.250000000000000        44.683862671585402     
   63.500000000000000        44.704945110894982     
   63.750000000000000        44.726006469367462     
   64.000000000000000        44.747046562260401     
   64.250000000000000        44.768065210356049     
   64.500000000000000        44.789062239831374     
   64.750000000000000        44.810037482131385     
   65.000000000000000        44.830990773845429     
   65.250000000000000        44.851921956586708     
   65.500000000000000        44.872830876874737     
   65.750000000000000        44.893717386020647     
   66.000000000000000        44.914581340015388     
   66.250000000000000        44.935422599420534     
   66.500000000000000        44.956241029261953     
   66.750000000000000        44.977036498925933     
   67.000000000000000        44.997808882057825     
   67.250000000000000        45.018558056463213     
   67.500000000000000        45.039283904011505     
   67.750000000000000        45.059986310541682     
   68.000000000000000        45.080665165770561     
   68.250000000000000        45.101320363203065     
   68.500000000000000        45.121951800044734     
   68.750000000000000        45.142559377116285     
   69.000000000000000        45.163142998770297     
   69.250000000000000        45.183702572809764     
   69.500000000000000        45.204238010408673     
   69.750000000000000        45.224749226034398     
   70.000000000000000        45.245236137371954     
   70.250000000000000        45.265698665250156     
   70.500000000000000        45.286136733569251     
   70.750000000000000        45.306550269230463     
   71.000000000000000        45.326939202067237     
   71.250000000000000        45.347303464777795     
   71.500000000000000        45.367642992859608     
   71.750000000000000        45.387957724545203     
   72.000000000000000        45.408247600739472     
   72.250000000000000        45.428512564958488     
   72.500000000000000        45.448752563269750     
   72.750000000000000        45.468967544233699     
   73.000000000000000        45.489157458846719     
   73.250000000000000        45.509322260485391     
   73.500000000000000        45.529461904851964     
   73.750000000000000        45.549576349921196     
   74.000000000000000        45.569665555888314     
   74.250000000000000        45.589729485118234     
   74.500000000000000        45.609768102095856     
   74.750000000000000        45.629781373377575     
   75.000000000000000        45.649769267543832     
   75.250000000000000        45.669731755152768     
   75.500000000000000        45.689668808694925     
   75.750000000000000        45.709580402548951     
   76.000000000000000        45.729466512938345     
   76.250000000000000        45.749327117889095     
   76.500000000000000        45.769162197188351     
   76.750000000000000        45.788971732344031     
   77.000000000000000        45.808755706545185     
   77.250000000000000        45.828514104623466     
   77.500000000000000        45.848246913015295     
   77.750000000000000        45.867954119724871     
   78.000000000000000        45.887635714288137     
   78.250000000000000        45.907291687737406     
   78.500000000000000        45.926922032566843     
   78.750000000000000        45.946526742698666     
   79.000000000000000        45.966105813450163     
   79.250000000000000        45.985659241501352     
   79.500000000000000        46.005187024863389     
   79.750000000000000        46.024689162847721     
   80.000000000000000        46.044165656035815     
   80.250000000000000        46.063616506249652     
   80.500000000000000        46.083041716522757     
   80.750000000000000        46.102441291071983     
   81.000000000000000        46.121815235269835     
   81.250000000000000        46.141163555617396     
   81.500000000000000        46.160486259717871     
   81.750000000000000        46.179783356250702     
   82.000000000000000        46.199054854946212     
   82.250000000000000        46.218300766560859     
   82.500000000000000        46.237521102852980     
   82.750000000000000        46.256715876559021     
   83.000000000000000        46.275885101370406     
   83.250000000000000        46.295028791910781     
   83.500000000000000        46.314146963713760     
   83.750000000000000        46.333239633201295     
   84.000000000000000        46.352306817662260     
   84.250000000000000        46.371348535231746     
   84.500000000000000        46.390364804870622     
   84.750000000000000        46.409355646345624     
   85.000000000000000        46.428321080209848     
   85.250000000000000        46.447261127783619     
   85.500000000000000        46.466175811135862     
   85.750000000000000        46.485065153065761     
   86.000000000000000        46.503929177084899     
   86.250000000000000        46.522767907399697     
   86.500000000000000        46.541581368894320     
   86.750000000000000        46.560369587113854     
   87.000000000000000        46.579132588247873     
   87.250000000000000        46.597870399114420     
   87.500000000000000        46.616583047144211     
   87.750000000000000        46.635270560365207     
   88.000000000000000        46.653932967387640     
   88.250000000000000        46.672570297389143     
   88.500000000000000        46.691182580100310     
   88.750000000000000        46.709769845790674     
   89.000000000000000        46.728332125254688     
   89.250000000000000        46.746869449798261     
   89.500000000000000        46.765381851225477     
   89.750000000000000        46.783869361825609     
   90.000000000000000        46.802332014360367     
   90.250000000000000        46.820769842051455     
   90.500000000000000        46.839182878568423     
   90.750000000000000        46.857571158016668     
   91.000000000000000        46.875934714925791     
   91.250000000000000        46.894273584238114     
   91.500000000000000        46.912587801297548     
   91.750000000000000        46.930877401838515     
   92.000000000000000        46.949142421975345     
   92.250000000000000        46.967382898191644     
   92.500000000000000        46.985598867330062     
   92.750000000000000        47.003790366582166     
   93.000000000000000        47.021957433478640     
   93.250000000000000        47.040100105879567     
   93.500000000000000        47.058218421964966     
   93.750000000000000        47.076312420225555     
   94.000000000000000        47.094382139453650     
   94.250000000000000        47.112427618734323     
   94.500000000000000        47.130448897436636     
   94.750000000000000        47.148446015205181     
   95.000000000000000        47.166419011951731     
   95.250000000000000        47.184367927847063     
   95.500000000000000        47.202292803312950     
   95.750000000000000        47.220193679014344     
   96.000000000000000        47.238070595851724     
   96.250000000000000        47.255923594953565     
   96.500000000000000        47.273752717668984     
   96.750000000000000        47.291558005560560     
   97.000000000000000        47.309339500397286     
   97.250000000000000        47.327097244147630     
   97.500000000000000        47.344831278972826     
   97.750000000000000        47.362541647220240     
   98.000000000000000        47.380228391416850     
   98.250000000000000        47.397891554262969     
   98.500000000000000        47.415531178625983     
   98.750000000000000        47.433147307534277     
   99.000000000000000        47.450739984171285     
   99.250000000000000        47.468309251869677     
   99.500000000000000        47.485855154105579     
   99.750000000000000        47.503377734493071     
   100.00000000000000        47.520877036778636     
   100.25000000000000        47.538353104835856     
   100.50000000000000        47.555805982660132     
   100.75000000000000        47.573235714363541     
   101.00000000000000        47.590642344169808     
   101.25000000000000        47.608025916409431     
   101.50000000000000        47.625386475514759     
   101.75000000000000        47.642724066015340     
   102.00000000000000        47.660038732533295     
   102.25000000000000        47.677330519778756     
   102.50000000000000        47.694599472545470     
   102.75000000000000        47.711845635706460     
   100.00000000000000        47.520877036778636     
   102.50000000000000        47.694599472545470     
   105.00000000000000        47.866043009863048     
   107.50000000000000        48.035252837287466     
   110.00000000000000        48.202274527295380     
   112.50000000000000        48.367153729074509     
   115.00000000000000        48.529935921738826     
   117.50000000000000        48.690666217073705     
   120.00000000000000        48.849389202934418     
   122.50000000000000        49.006148820045219     
   125.00000000000000        49.160988266257249     
   127.50000000000000        49.313949923386353     
