   127.50000000000000        48.255899922944522     
   130.00000000000000        48.407133071253448     
   132.50000000000000        48.556423551006489     
   135.00000000000000        48.703822781941426     
   137.50000000000000        48.849380192071713     
   140.00000000000000        48.993143314302507     
   142.50000000000000        49.135157877860458     
   145.00000000000000        49.275467894786473     
   147.50000000000000        49.414115741741050     
   150.00000000000000        49.551142237367259     
   152.50000000000000        49.686586715450908     
   155.00000000000000        49.820487094109275     
   157.50000000000000        49.952879941231195     
   160.00000000000000        50.083800536381105     
   162.50000000000000        50.213282929370266     
   165.00000000000000        50.341359995687505     
   167.50000000000000        50.468063488972447     
   170.00000000000000        50.593424090703131     
   172.50000000000000        50.717471457261468     
   175.00000000000000        50.840234264529464     
   177.50000000000000        50.961740250160801     
   180.00000000000000        51.082016253663603     
   182.50000000000000        51.201088254421670     
   185.00000000000000        51.318981407774388     
   187.50000000000000        51.435720079267455     
   190.00000000000000        51.551327877180206     
   192.50000000000000        51.665827683428297     
   195.00000000000000        51.779241682934959     
   197.50000000000000        51.891591391557775     
   200.00000000000000        52.002897682652616     
   202.50000000000000        52.113180812351771     
   205.00000000000000        52.222460443627689     
   207.50000000000000        52.330755669210497     
   210.00000000000000        52.438085033422006     
   212.50000000000000        52.544466552986165     
   215.00000000000000        52.649917736871380     
   217.50000000000000        52.754455605217608     
   220.00000000000000        52.858096707397067     
   222.50000000000000        52.960857139255111     
   225.00000000000000        53.062752559574719     
   227.50000000000000        53.163798205805463     
   230.00000000000000        53.264008909095601     
   232.50000000000000        53.363399108663252     
   235.00000000000000        53.461982865541110     
   237.50000000000000        53.559773875726428     
   240.00000000000000        53.656785482766757     
   242.50000000000000        53.753030689809897     
   245.00000000000000        53.848522171144758     
   247.50000000000000        53.943272283258693     
   250.00000000000000        54.037293075435130     
   252.50000000000000        54.130596299913854     
   255.00000000000000        54.223193421635550     
   257.50000000000000        54.315095627590544     
   260.00000000000000        54.406313835790613     
   262.50000000000000        54.496858703882189     
   265.00000000000000        54.586740637417506     
   267.50000000000000        54.675969797800050     
   270.00000000000000        54.764556109919397     
   272.50000000000000        54.852509269489843     
   275.00000000000000        54.939838750106397     
   277.50000000000000        55.026553810031047     
   280.00000000000000        55.112663498721780     
   282.50000000000000        55.198176663115326     
   285.00000000000000        55.283101953675391     
   287.50000000000000        55.367447830216172     
   290.00000000000000        55.451222567511465     
   292.50000000000000        55.534434260698433     
   295.00000000000000        55.617090830485267     
   297.50000000000000        55.699200028170978     
   300.00000000000000        55.780769440485429     
   302.50000000000000        55.861806494257358     
   305.00000000000000        55.942318460917527     
   307.50000000000000        56.022312460844034     
   310.00000000000000        56.101795467556343     
   312.50000000000000        56.180774311764218     
   315.00000000000000        56.259255685277694     
   317.50000000000000        56.337246144783641     
   320.00000000000000        56.414752115494352     
   322.50000000000000        56.491779894673478     
   325.00000000000000        56.568335655043938     
   327.50000000000000        56.644425448082814     
   330.00000000000000        56.720055207207437     
   332.50000000000000        56.795230750857179     
   335.00000000000000        56.869957785474909     
   337.50000000000000        56.944241908391909     
   340.00000000000000        57.018088610620218     
   342.50000000000000        57.091503279555752     
   345.00000000000000        57.164491201595659     
   347.50000000000000        57.237057564673243     
   350.00000000000000        57.309207460713367     
   352.50000000000000        57.380945888011532     
   355.00000000000000        57.452277753539249     
   357.50000000000000        57.523207875178656     
   360.00000000000000        57.593740983888871     
   362.50000000000000        57.663881725806341     
   365.00000000000000        57.733634664282107     
   367.50000000000000        57.803004281857731     
   370.00000000000000        57.871994982182471     
   372.50000000000000        57.940611091873471     
   375.00000000000000        58.008856862321281     
   377.50000000000000        58.076736471442452     
   380.00000000000000        58.144254025381144     
   382.50000000000000        58.211413560161354     
   385.00000000000000        58.278219043291848     
   387.50000000000000        58.344674375324928     
   390.00000000000000        58.410783391370991     
   392.50000000000000        58.476549862570359     
   395.00000000000000        58.541977497523462     
   397.50000000000000        58.607069943681267     
   400.00000000000000        58.671830788697036     
   402.50000000000000        58.736263561740543     
   405.00000000000000        58.800371734776377     
   407.50000000000000        58.864158723807215     
   410.00000000000000        58.927627890083258     
   412.50000000000000        58.990782541279032     
   415.00000000000000        59.053625932638553     
   417.50000000000000        59.116161268089819     
   420.00000000000000        59.178391701329723     
   422.50000000000000        59.240320336880195     
   425.00000000000000        59.301950231116720     
   427.50000000000000        59.363284393269652     
   430.00000000000000        59.424325786399805     
   432.50000000000000        59.485077328348531     
   435.00000000000000        59.545541892663437     
   437.50000000000000        59.605722309500351     
   440.00000000000000        59.665621366502386     
   442.50000000000000        59.725241809656531     
   445.00000000000000        59.784586344128833     
   447.50000000000000        59.843657635078479     
   450.00000000000000        59.902458308451656     
   452.50000000000000        59.960990951755612     
   455.00000000000000        60.019258114813596     
   457.50000000000000        60.077262310501361     
   460.00000000000000        60.135006015465379     
   462.50000000000000        60.192491670823841     
   465.00000000000000        60.249721682850591     
   467.50000000000000        60.306698423642430     
   470.00000000000000        60.363424231770637     
   472.50000000000000        60.419901412916822     
   475.00000000000000        60.476132240493612     
   477.50000000000000        60.532118956250869     
   480.00000000000000        60.587863770867372     
   482.50000000000000        60.643368864528931     
   485.00000000000000        60.698636387492783     
   487.50000000000000        60.753668460639069     
   490.00000000000000        60.808467176009515     
   492.50000000000000        60.863034597333744     
   495.00000000000000        60.917372760543550     
   497.50000000000000        60.971483674275539     
   500.00000000000000        61.025369320362181     
   502.50000000000000        61.079031654312082     
   505.00000000000000        61.132472605779299     
   507.50000000000000        61.185694079022092     
   510.00000000000000        61.238697953351732     
   512.50000000000000        61.291486083571137     
   515.00000000000000        61.344060300403932     
   517.50000000000000        61.396422410914141     
   520.00000000000000        61.448574198916617     
   522.50000000000000        61.500517425378632     
   525.00000000000000        61.552253828812717     
   527.50000000000000        61.603785125661069     
   530.00000000000000        61.655113010671727     
   532.50000000000000        61.706239157266644     
   535.00000000000000        61.757165217901999     
   537.50000000000000        61.807892824420868     
   540.00000000000000        61.858423588398423     
   542.50000000000000        61.908759101479930     
   545.00000000000000        61.958900935711597     
   547.50000000000000        62.008850643864761     
   550.00000000000000        62.058609759752983     
   552.50000000000000        62.108179798542999     
   555.00000000000000        62.157562257058963     
   557.50000000000000        62.206758614080670     
   560.00000000000000        62.255770330635606     
   562.50000000000000        62.304598850285096     
   565.00000000000000        62.353245599404673     
   567.50000000000000        62.401711987458782     
   570.00000000000000        62.449999407270013     
   572.50000000000000        62.498109235282961     
   575.00000000000000        62.546042831822753     
   577.50000000000000        62.593801541348647     
   580.00000000000000        62.641386692702397     
   582.50000000000000        62.688799599351931     
   585.00000000000000        62.736041559630117     
   587.50000000000000        62.783113856969017     
   590.00000000000000        62.830017760129522     
   592.50000000000000        62.876754523426548     
   595.00000000000000        62.923325386949827     
   597.50000000000000        62.969731576780660     
   600.00000000000000        63.015974305204388     
   602.50000000000000        63.062054770918785     
   605.00000000000000        63.107974159238609     
   607.50000000000000        63.153733642296260     
   610.00000000000000        63.199334379238628     
   612.50000000000000        63.244777516420278     
   615.00000000000000        63.290064187593075     
   617.50000000000000        63.335195514092177     
   620.00000000000000        63.380172605018707     
   622.50000000000000        63.424996557418915     
   625.00000000000000        63.469668456460290     
   627.50000000000000        63.514189375604076     
   630.00000000000000        63.558560376775070     
   632.50000000000000        63.602782510527931     
   635.00000000000000        63.646856816210786     
   637.50000000000000        63.690784322125765     
   640.00000000000000        63.734566045686528     
   642.50000000000000        63.778202993573331     
   645.00000000000000        63.821696161884802     
   647.50000000000000        63.865046536287529     
   650.00000000000000        63.908255092162761     
   652.50000000000000        63.951322794750425     
   655.00000000000000        63.994250599290787     
   657.50000000000000        64.037039451163650     
   660.00000000000000        64.079690286024913     
   662.50000000000000        64.122204029940931     
   665.00000000000000        64.164581599520616     
   667.50000000000000        64.206823902045002     
   670.00000000000000        64.248931835594718     
   672.50000000000000        64.290906289175425     
   675.00000000000000        64.332748142840828     
   677.50000000000000        64.374458267813807     
   680.00000000000000        64.416037526605365     
   682.50000000000000        64.457486773131706     
   685.00000000000000        64.498806852829119     
   687.50000000000000        64.539998602767199     
   690.00000000000000        64.581062851759981     
   692.50000000000000        64.622000420475317     
   695.00000000000000        64.662812121542260     
   697.50000000000000        64.703498759657094     
   700.00000000000000        64.744061131687033     
   702.50000000000000        64.784500026772704     
   705.00000000000000        64.824816226428695     
   707.50000000000000        64.865010504642484     
   710.00000000000000        64.905083627971933     
   712.50000000000000        64.945036355640838     
   715.00000000000000        64.984869439633428     
   717.50000000000000        65.024583624786914     
   720.00000000000000        65.064179648882629     
   722.50000000000000        65.103658242736032     
   725.00000000000000        65.143020130284825     
   727.50000000000000        65.182266028675983     
   730.00000000000000        65.221396648351245     
   732.50000000000000        65.260412693131315     
   735.00000000000000        65.299314860298750     
   737.50000000000000        65.338103840679551     
   740.00000000000000        65.376780318723320     
   742.50000000000000        65.415344972582503     
   745.00000000000000        65.453798474189952     
   747.50000000000000        65.492141489335751     
   750.00000000000000        65.530374677742515     
   752.50000000000000        65.568498693139588     
   755.00000000000000        65.606514183336344     
   757.50000000000000        65.644421790293961     
   760.00000000000000        65.682222150196566     
   762.50000000000000        65.719915893520721     
   765.00000000000000        65.757503645104507     
   767.50000000000000        65.794986024215092     
   770.00000000000000        65.832363644615427     
   772.50000000000000        65.869637114629981     
   775.00000000000000        65.906807037209433     
   777.50000000000000        65.943874009994417     
   780.00000000000000        65.980838625378297     
   782.50000000000000        66.017701470569151     
   785.00000000000000        66.054463127650550     
   787.50000000000000        66.091124173641745     
   790.00000000000000        66.127685180556767     
   792.50000000000000        66.164146715462749     
   795.00000000000000        66.200509340537380     
   797.50000000000000        66.236773613125493     
   800.00000000000000        66.272940085794929     
   802.50000000000000        66.309009306391417     
   805.00000000000000        66.344981818092776     
   807.50000000000000        66.380858159462434     
   810.00000000000000        66.416638864501948     
   812.50000000000000        66.452324462702961     
   815.00000000000000        66.487915479098248     
   817.50000000000000        66.523412434312263     
   820.00000000000000        66.558815844610805     
   822.50000000000000        66.594126221949978     
   825.00000000000000        66.629344074024488     
   827.50000000000000        66.664469904315339     
   830.00000000000000        66.699504212136773     
   832.50000000000000        66.734447492682520     
   835.00000000000000        66.769300237071576     
   837.50000000000000        66.804062932393009     
   840.00000000000000        66.838736061750680     
   842.50000000000000        66.873320104306700     
   845.00000000000000        66.907815535324858     
   847.50000000000000        66.942222826212998     
   850.00000000000000        66.976542444565283     
   852.50000000000000        67.010774854203405     
   855.00000000000000        67.044920515217513     
   857.50000000000000        67.078979884006557     
   860.00000000000000        67.112953413317996     
   862.50000000000000        67.146841552287114     
   865.00000000000000        67.180644746475664     
   867.50000000000000        67.214363437909995     
   870.00000000000000        67.247998065118765     
   872.50000000000000        67.281549063170118     
   875.00000000000000        67.315016863708422     
   877.50000000000000        67.348401894990204     
   880.00000000000000        67.381704581920133     
   882.50000000000000        67.414925346086022     
   885.00000000000000        67.448064605793789     
   887.50000000000000        67.481122776101614     
   890.00000000000000        67.514100268853781     
   892.50000000000000        67.546997492714269     
   895.00000000000000        67.579814853199522     
   897.50000000000000        67.612552752711139     
   900.00000000000000        67.645211590567911     
   902.50000000000000        67.677791763037561     
   905.00000000000000        67.710293663368105     
   907.50000000000000        67.742717681818618     
   910.00000000000000        67.775064205689830     
   912.50000000000000        67.807333619354267     
   915.00000000000000        67.839526304285769     
   917.50000000000000        67.871642639089231     
   920.00000000000000        67.903682999529096     
   922.50000000000000        67.935647758558346     
   925.00000000000000        67.967537286346555     
   927.50000000000000        67.999351950307869     
   930.00000000000000        68.031092115128374     
   932.50000000000000        68.062758142793584     
   935.00000000000000        68.094350392615027     
   937.50000000000000        68.125869221256806     
   940.00000000000000        68.157314982761989     
   942.50000000000000        68.188688028578170     
   945.00000000000000        68.219988707583269     
   947.50000000000000        68.251217366110595     
   950.00000000000000        68.282374347973871     
   952.50000000000000        68.313459994491751     
   955.00000000000000        68.344474644512161     
   957.50000000000000        68.375418634436343     
   960.00000000000000        68.406292298242562     
   962.50000000000000        68.437095967509492     
   965.00000000000000        68.467829971439414     
   967.50000000000000        68.498494636881063     
   970.00000000000000        68.529090288352165     
   972.50000000000000        68.559617248061869     
   975.00000000000000        68.590075835932694     
   977.50000000000000        68.620466369622349     
   980.00000000000000        68.650789164545245     
   982.50000000000000        68.681044533893782     
   985.00000000000000        68.711232788659387     
   987.50000000000000        68.741354237653240     
   990.00000000000000        68.771409187526743     
   992.50000000000000        68.801397942791908     
   995.00000000000000        68.831320805841344     
   997.50000000000000        68.861178076968031     
   1000.0000000000000        68.890970054384923     
   1002.5000000000000        68.920697034244270     
   1005.0000000000000        68.950359310656793     
   1007.5000000000000        68.979957175710467     
   1010.0000000000000        69.009490919489309     
   1012.5000000000000        69.038960830091753     
   1015.0000000000000        69.068367193648982     
   1017.5000000000000        69.097710294342775     
   1020.0000000000000        69.126990414423616     
   1022.5000000000000        69.156207834228056     
   1025.0000000000000        69.185362832196276     
   1027.5000000000000        69.214455684889344     
   1030.0000000000000        69.243486667005996     
   1032.5000000000000        69.272456051399786     
   1035.0000000000000        69.301364109095516     
   1037.5000000000000        69.330211109305779     
   1040.0000000000000        69.358997319447170     
   1042.5000000000000        69.387723005156388     
   1045.0000000000000        69.416388430306199     
   1047.5000000000000        69.444993857021061     
   1050.0000000000000        69.473539545692702     
   1052.5000000000000        69.502025754995586     
   1055.0000000000000        69.530452741901954     
   1057.5000000000000        69.558820761696950     
   1060.0000000000000        69.587130067993584     
   1062.5000000000000        69.615380912747227     
   1065.0000000000000        69.643573546270289     
   1067.5000000000000        69.671708217246618     
   1070.0000000000000        69.699785172745578     
   1072.5000000000000        69.727804658236323     
   1075.0000000000000        69.755766917601562     
   1077.5000000000000        69.783672193151290     
   1080.0000000000000        69.811520725636598     
   1082.5000000000000        69.839312754262892     
   1085.0000000000000        69.867048516703449     
   1087.5000000000000        69.894728249112276     
   1090.0000000000000        69.922352186137559     
   1092.5000000000000        69.949920560934231     
   1095.0000000000000        69.977433605176799     
   1097.5000000000000        70.004891549072013     
   1100.0000000000000        70.032294621371307     
   1125.0000000000000        70.303356715700900     
   1150.0000000000000        70.569172930480022     
   1175.0000000000000        70.829949822307626     
   1200.0000000000000        71.085881815207770     
   1225.0000000000000        71.337152140016556     
   1250.0000000000000        71.583933684098525     
   1275.0000000000000        71.826389761511166     
   1300.0000000000000        72.064674812425025     
   1325.0000000000000        72.298935039485741     
   1350.0000000000000        72.529308987845539     
   1375.0000000000000        72.755928074765905     
   1400.0000000000000        72.978917073982359     
   1425.0000000000000        73.198394559407674     
   1450.0000000000000        73.414473312216828     
   1475.0000000000000        73.627260694894915     
   1500.0000000000000        73.836858995425203     
   1525.0000000000000        74.043365744443363     
   1550.0000000000000        74.246874007875562     
   1575.0000000000000        74.447472657307770     
   1600.0000000000000        74.645246620096884     
   1625.0000000000000        74.840277111024150     
   1650.0000000000000        75.032641847107712     
